|C170|1|CA-024||56.0000|6|1108.80|0.00|0|000|1901|169|0.00|0.00|0.00|0.00|0.00|0.00|0|49||0.00|0.00|0.00||0.00|0.0000|0.000|0.0000|0.00||0.00|0.0000|0.000|0.0000|0.00||
|C170|1|CB-011||30.0000|6|594.00|0.00|0|000|1901|169|0.00|0.00|0.00|0.00|0.00|0.00|0|49||0.00|0.00|0.00||0.00|0.0000|0.000|0.0000|0.00||0.00|0.0000|0.000|0.0000|0.00||
|C170|2|LI-1042||30.0000|2|793.80|0.00|0|000|1901|169|0.00|0.00|0.00|0.00|0.00|0.00|0|49||0.00|0.00|0.00||0.00|0.0000|0.000|0.0000|0.00||0.00|0.0000|0.000|0.0000|0.00||
|C170|1|CA-024||10.0000|6|198.00|0.00|0|000|1901|169|0.00|0.00|0.00|0.00|0.00|0.00|0|49||0.00|0.00|0.00||0.00|0.0000|0.000|0.0000|0.00||0.00|0.0000|0.000|0.0000|0.00||
|C170|2|CB-011||10.0000|6|198.00|0.00|0|000|1901|169|0.00|0.00|0.00|0.00|0.00|0.00|0|49||0.00|0.00|0.00||0.00|0.0000|0.000|0.0000|0.00||0.00|0.0000|0.000|0.0000|0.00||
|C170|1|CA-024||18.0000|6|356.40|0.00|0|000|1901|169|0.00|0.00|0.00|0.00|0.00|0.00|0|49||0.00|0.00|0.00||0.00|0.0000|0.000|0.0000|0.00||0.00|0.0000|0.000|0.0000|0.00||
|C170|2|CB-011||16.5000|6|326.70|0.00|0|000|1901|169|0.00|0.00|0.00|0.00|0.00|0.00|0|49||0.00|0.00|0.00||0.00|0.0000|0.000|0.0000|0.00||0.00|0.0000|0.000|0.0000|0.00||
|C170|1|CB-011||46.5000|6|920.70|0.00|0|000|1901|169|0.00|0.00|0.00|0.00|0.00|0.00|0|49||0.00|0.00|0.00||0.00|0.0000|0.000|0.0000|0.00||0.00|0.0000|0.000|0.0000|0.00||
|C170|2|CB-011||39.0000|6|772.20|0.00|0|000|1901|169|0.00|0.00|0.00|0.00|0.00|0.00|0|49||0.00|0.00|0.00||0.00|0.0000|0.000|0.0000|0.00||0.00|0.0000|0.000|0.0000|0.00||
|C170|1|CA-024||25.0000|6|495.00|0.00|0|000|1901|169|0.00|0.00|0.00|0.00|0.00|0.00|0|49||0.00|0.00|0.00||0.00|0.0000|0.000|0.0000|0.00||0.00|0.0000|0.000|0.0000|0.00||
|C170|1|CB-011||46.0000|6|910.80|0.00|0|000|1901|169|0.00|0.00|0.00|0.00|0.00|0.00|0|49||0.00|0.00|0.00||0.00|0.0000|0.000|0.0000|0.00||0.00|0.0000|0.000|0.0000|0.00||
|C170|1|PR007191-003||524.0000|6|9798.80|0.00|0|000|1901|169|0.00|0.00|0.00|0.00|0.00|0.00|0|49||0.00|0.00|0.00||0.00|0.0000|0.000|0.0000|0.00||0.00|0.0000|0.000|0.0000|0.00||
|C170|1|CB-011||18.0000|6|356.40|0.00|0|000|1901|169|0.00|0.00|0.00|0.00|0.00|0.00|0|49||0.00|0.00|0.00||0.00|0.0000|0.000|0.0000|0.00||0.00|0.0000|0.000|0.0000|0.00||
|C170|2|TL-001||45.0000|6|841.50|0.00|0|000|1901|169|0.00|0.00|0.00|0.00|0.00|0.00|0|49||0.00|0.00|0.00||0.00|0.0000|0.000|0.0000|0.00||0.00|0.0000|0.000|0.0000|0.00||
|C170|3|TL-001||31.0000|6|579.70|0.00|0|000|1901|169|0.00|0.00|0.00|0.00|0.00|0.00|0|49||0.00|0.00|0.00||0.00|0.0000|0.000|0.0000|0.00||0.00|0.0000|0.000|0.0000|0.00||
|C170|1|LI-1042||30.0000|2|793.80|0.00|0|000|1901|169|0.00|0.00|0.00|0.00|0.00|0.00|0|49||0.00|0.00|0.00||0.00|0.0000|0.000|0.0000|0.00||0.00|0.0000|0.000|0.0000|0.00||
|C170|1|C1||157.2070|71|463.60|0.00|0|060|1407|107|0.00|0.00|0.00|0.00|0.00|0.00|0|49||0.00|0.00|0.00||0.00|0.0000|0.000|0.0000|0.00||0.00|0.0000|0.000|0.0000|0.00||
|C170|2|C26||40.0570|71|120.13|0.00|0|060|1407|107|0.00|0.00|0.00|0.00|0.00|0.00|0|49||0.00|0.00|0.00||0.00|0.0000|0.000|0.0000|0.00||0.00|0.0000|0.000|0.0000|0.00||
|C170|3|C93||55.3510|71|135.00|0.00|0|060|1407|107|0.00|0.00|0.00|0.00|0.00|0.00|0|49||0.00|0.00|0.00||0.00|0.0000|0.000|0.0000|0.00||0.00|0.0000|0.000|0.0000|0.00||
|C170|1|C1||169.8890|71|501.00|0.00|0|060|1407|107|0.00|0.00|0.00|0.00|0.00|0.00|0|49||0.00|0.00|0.00||0.00|0.0000|0.000|0.0000|0.00||0.00|0.0000|0.000|0.0000|0.00||
|C170|2|C26||38.1970|71|114.55|0.00|0|060|1407|107|0.00|0.00|0.00|0.00|0.00|0.00|0|49||0.00|0.00|0.00||0.00|0.0000|0.000|0.0000|0.00||0.00|0.0000|0.000|0.0000|0.00||
|C170|3|C93||167.0980|71|407.55|0.00|0|060|1407|107|0.00|0.00|0.00|0.00|0.00|0.00|0|49||0.00|0.00|0.00||0.00|0.0000|0.000|0.0000|0.00||0.00|0.0000|0.000|0.0000|0.00||
|C170|1|19||78.8200|9|630.56|0.00|0|060|1407|106|0.00|0.00|0.00|0.00|0.00|0.00|0|49||0.00|0.00|0.00||0.00|0.0000|0.000|0.0000|0.00||0.00|0.0000|0.000|0.0000|0.00|395|
|C170|1|19||46.3000|9|370.40|0.00|0|060|1407|106|0.00|0.00|0.00|0.00|0.00|0.00|0|49||0.00|0.00|0.00||0.00|0.0000|0.000|0.0000|0.00||0.00|0.0000|0.000|0.0000|0.00|395|
|C170|1|19||36.1100|9|288.88|0.00|0|060|1407|106|0.00|0.00|0.00|0.00|0.00|0.00|0|49||0.00|0.00|0.00||0.00|0.0000|0.000|0.0000|0.00||0.00|0.0000|0.000|0.0000|0.00|395|
|C170|1|99999933251851||1.0000|2|825.10|0.00|0|041|1908|176|0.00|0.00|0.00|0.00|0.00|0.00|0|49||0.00|0.00|0.00||0.00|0.0000|0.000|0.0000|0.00||0.00|0.0000|0.000|0.0000|0.00||
|C170|1|013324||1.0000|1|11.53|0.00|0|041|1908|176|0.00|0.00|0.00|0.00|0.00|0.00|0|49||0.00|0.00|0.00||0.00|0.0000|0.000|0.0000|0.00||0.00|0.0000|0.000|0.0000|0.00||
|C170|2|013363||1.0000|1|4.26|0.00|0|041|1908|176|0.00|0.00|0.00|0.00|0.00|0.00|0|49||0.00|0.00|0.00||0.00|0.0000|0.000|0.0000|0.00||0.00|0.0000|0.000|0.0000|0.00||
|C170|1|99999933251798||6205.2000|6|21718.20|0.00|0|040|1901|169|0.00|0.00|0.00|0.00|0.00|0.00|0|49||0.00|0.00|0.00||0.00|0.0000|0.000|0.0000|0.00||0.00|0.0000|0.000|0.0000|0.00||
|C170|1|PR006927-003||133.0000|6|465.50|0.00|0|140|1901|169|0.00|0.00|0.00|0.00|0.00|0.00|0|49||0.00|0.00|0.00||0.00|0.0000|0.000|0.0000|0.00||0.00|0.0000|0.000|0.0000|0.00||
|C170|1|98410142||2.0000|128|46.00|0.00|0|000|1101|143|46.00|18.00|8.28|0.00|0.00|0.00|0|03||0.00|0.00|0.00||0.00|0.0000|0.000|0.0000|0.00||0.00|0.0000|0.000|0.0000|0.00||
|C170|2|98460110||2.0000|128|71.00|0.00|0|000|1101|143|71.00|18.00|12.78|0.00|0.00|0.00|0|03||0.00|0.00|0.00||0.00|0.0000|0.000|0.0000|0.00||0.00|0.0000|0.000|0.0000|0.00||
|C170|3|98460111||2.0000|128|78.00|0.00|0|000|1101|143|78.00|18.00|14.04|0.00|0.00|0.00|0|03||0.00|0.00|0.00||0.00|0.0000|0.000|0.0000|0.00||0.00|0.0000|0.000|0.0000|0.00||
|C170|4|984101092||5.0000|27|1310.00|0.00|0|000|1101|143|1310.00|18.00|235.80|0.00|0.00|0.00|0|03||0.00|0.00|0.00||0.00|0.0000|0.000|0.0000|0.00||0.00|0.0000|0.000|0.0000|0.00||
|C170|5|984101602||2.0000|14|33.00|0.00|0|000|1101|143|33.00|18.00|5.94|0.00|0.00|0.00|0|03||0.00|0.00|0.00||0.00|0.0000|0.000|0.0000|0.00||0.00|0.0000|0.000|0.0000|0.00||
|C170|1|131||18.0000|9|818.64|0.00|0|101|1101|143|818.64|2.87|23.49|0.00|0.00|0.00|0|49||0.00|0.00|0.00||0.00|0.0000|0.000|0.0000|0.00||0.00|0.0000|0.000|0.0000|0.00|228|
|C170|1|013||30.0000|9|1506.00|0.00|0|101|1101|143|1506.00|2.87|43.22|0.00|0.00|0.00|0|49||0.00|0.00|0.00||0.00|0.0000|0.000|0.0000|0.00||0.00|0.0000|0.000|0.0000|0.00|228|
|C170|2|123||25.0000|71|574.00|0.00|0|101|1101|143|574.00|2.87|16.47|0.00|0.00|0.00|0|49||0.00|0.00|0.00||0.00|0.0000|0.000|0.0000|0.00||0.00|0.0000|0.000|0.0000|0.00|228|
|C170|3|124||60.0000|9|2307.00|0.00|0|101|1101|143|2307.00|2.87|66.21|0.00|0.00|0.00|0|49||0.00|0.00|0.00||0.00|0.0000|0.000|0.0000|0.00||0.00|0.0000|0.000|0.0000|0.00|228|
|C170|4|139||12.0000|9|264.36|0.00|0|101|1101|143|264.36|2.87|7.59|0.00|0.00|0.00|0|49||0.00|0.00|0.00||0.00|0.0000|0.000|0.0000|0.00||0.00|0.0000|0.000|0.0000|0.00|228|
|C170|5|149||5.0000|9|113.30|0.00|0|101|1101|143|113.30|2.87|3.25|0.00|0.00|0.00|0|49||0.00|0.00|0.00||0.00|0.0000|0.000|0.0000|0.00||0.00|0.0000|0.000|0.0000|0.00|228|
|C170|6|10000025000018||5.0000|9|158.20|0.00|0|101|1101|143|158.20|2.87|4.54|0.00|0.00|0.00|0|49||0.00|0.00|0.00||0.00|0.0000|0.000|0.0000|0.00||0.00|0.0000|0.000|0.0000|0.00|228|
|C170|7|99999933251413||25.0000|71|512.50|0.00|0|101|1101|143|512.50|2.87|14.71|0.00|0.00|0.00|0|49||0.00|0.00|0.00||0.00|0.0000|0.000|0.0000|0.00||0.00|0.0000|0.000|0.0000|0.00|228|
|C170|8|99999933251414||50.0000|71|969.50|0.00|0|101|1101|143|969.50|2.87|27.83|0.00|0.00|0.00|0|49||0.00|0.00|0.00||0.00|0.0000|0.000|0.0000|0.00||0.00|0.0000|0.000|0.0000|0.00|228|
|C170|1|013||30.0000|9|1568.70|0.00|0|101|1101|143|1568.70|2.87|45.02|0.00|0.00|0.00|0|49||0.00|0.00|0.00||0.00|0.0000|0.000|0.0000|0.00||0.00|0.0000|0.000|0.0000|0.00|228|
|C170|2|123||25.0000|71|574.00|0.00|0|101|1101|143|574.00|2.87|16.47|0.00|0.00|0.00|0|49||0.00|0.00|0.00||0.00|0.0000|0.000|0.0000|0.00||0.00|0.0000|0.000|0.0000|0.00|228|
|C170|3|124||60.0000|9|2404.80|0.00|0|101|1101|143|2404.80|2.87|69.02|0.00|0.00|0.00|0|49||0.00|0.00|0.00||0.00|0.0000|0.000|0.0000|0.00||0.00|0.0000|0.000|0.0000|0.00|228|
|C170|4|139||12.0000|9|264.36|0.00|0|101|1101|143|264.36|2.87|7.59|0.00|0.00|0.00|0|49||0.00|0.00|0.00||0.00|0.0000|0.000|0.0000|0.00||0.00|0.0000|0.000|0.0000|0.00|228|
|C170|5|149||5.0000|9|113.30|0.00|0|101|1101|143|113.30|2.87|3.25|0.00|0.00|0.00|0|49||0.00|0.00|0.00||0.00|0.0000|0.000|0.0000|0.00||0.00|0.0000|0.000|0.0000|0.00|228|
|C170|6|10000025000018||5.0000|9|158.20|0.00|0|101|1101|143|158.20|2.87|4.54|0.00|0.00|0.00|0|49||0.00|0.00|0.00||0.00|0.0000|0.000|0.0000|0.00||0.00|0.0000|0.000|0.0000|0.00|228|
|C170|7|99999933251413||25.0000|71|512.50|0.00|0|101|1101|143|512.50|2.87|14.71|0.00|0.00|0.00|0|49||0.00|0.00|0.00||0.00|0.0000|0.000|0.0000|0.00||0.00|0.0000|0.000|0.0000|0.00|228|
|C170|8|99999933251414||50.0000|71|1020.50|0.00|0|101|1101|143|1020.50|2.87|29.29|0.00|0.00|0.00|0|49||0.00|0.00|0.00||0.00|0.0000|0.000|0.0000|0.00||0.00|0.0000|0.000|0.0000|0.00|228|
|C170|1|123||75.0000|71|1549.50|0.00|0|101|1101|143|1549.50|2.87|44.47|0.00|0.00|0.00|0|49||0.00|0.00|0.00||0.00|0.0000|0.000|0.0000|0.00||0.00|0.0000|0.000|0.0000|0.00|228|
|C170|2|124||60.0000|9|2307.00|0.00|0|101|1101|143|2307.00|2.87|66.21|0.00|0.00|0.00|0|49||0.00|0.00|0.00||0.00|0.0000|0.000|0.0000|0.00||0.00|0.0000|0.000|0.0000|0.00|228|
|C170|3|99999933251413||75.0000|71|1483.50|0.00|0|101|1101|143|1483.50|2.87|42.58|0.00|0.00|0.00|0|49||0.00|0.00|0.00||0.00|0.0000|0.000|0.0000|0.00||0.00|0.0000|0.000|0.0000|0.00|228|
|C170|4|99999933251414||100.0000|71|1735.00|0.00|0|101|1101|143|1735.00|2.87|49.80|0.00|0.00|0.00|0|49||0.00|0.00|0.00||0.00|0.0000|0.000|0.0000|0.00||0.00|0.0000|0.000|0.0000|0.00|228|
|C170|1|100240||2.0000|11|156.00|0.00|0|500|1407|106|0.00|0.00|0.00|0.00|0.00|0.00|0|49||0.00|0.00|0.00||0.00|0.0000|0.000|0.0000|0.00||0.00|0.0000|0.000|0.0000|0.00||
|C170|2|99999933251483||15.0000|37|75.00|0.00|0|202|1556|108|0.00|0.00|0.00|0.00|0.00|0.00|0|49||0.00|0.00|0.00||0.00|0.0000|0.000|0.0000|0.00||0.00|0.0000|0.000|0.0000|0.00||
|C170|1|3001179||99.7000|6|847.45|0.00|0|040|1901|169|0.00|0.00|0.00|0.00|0.00|0.00|0|49||0.00|0.00|0.00||0.00|0.0000|0.000|0.0000|0.00||0.00|0.0000|0.000|0.0000|0.00||
|C170|1|3001108||1748.0000|6|4195.20|0.00|0|000|1901|169|0.00|0.00|0.00|0.00|0.00|0.00|0|49||0.00|0.00|0.00||0.00|0.0000|0.000|0.0000|0.00||0.00|0.0000|0.000|0.0000|0.00||
|C170|1|3001108||399.0000|6|957.60|0.00|0|000|1901|169|0.00|0.00|0.00|0.00|0.00|0.00|0|49||0.00|0.00|0.00||0.00|0.0000|0.000|0.0000|0.00||0.00|0.0000|0.000|0.0000|0.00||
|C170|1|PR007397-011||255.0000|6|4335.00|0.00|0|101|1901|169|0.00|0.00|0.00|0.00|0.00|0.00|0|49||0.00|0.00|0.00||0.00|0.0000|0.000|0.0000|0.00||0.00|0.0000|0.000|0.0000|0.00||
|C170|1|2203||11.0000|6|1170.40|0.00|0|400|1901|169|0.00|0.00|0.00|0.00|0.00|0.00|0|49||0.00|0.00|0.00||0.00|0.0000|0.000|0.0000|0.00||0.00|0.0000|0.000|0.0000|0.00||
|C170|2|3117||8.0000|6|543.20|0.00|0|400|1901|169|0.00|0.00|0.00|0.00|0.00|0.00|0|49||0.00|0.00|0.00||0.00|0.0000|0.000|0.0000|0.00||0.00|0.0000|0.000|0.0000|0.00||
|C170|3|3118||7.0000|6|475.30|0.00|0|400|1901|169|0.00|0.00|0.00|0.00|0.00|0.00|0|49||0.00|0.00|0.00||0.00|0.0000|0.000|0.0000|0.00||0.00|0.0000|0.000|0.0000|0.00||
|C170|1|01 5021||15.0000|29|1867.50|0.00|0|090|1924|180|0.00|0.00|0.00|0.00|0.00|0.00|0|49||0.00|0.00|0.00||0.00|0.0000|0.000|0.0000|0.00||0.00|0.0000|0.000|0.0000|0.00||
|C170|1|21 709||28.0000|29|1064.00|0.00|0|060|1401|145|0.00|0.00|0.00|0.00|0.00|0.00|0|49||0.00|0.00|0.00||0.00|0.0000|0.000|0.0000|0.00||0.00|0.0000|0.000|0.0000|0.00||
|C170|1|01 5021||15.0000|29|1867.50|0.00|0|000|1101|143|1867.50|18.00|336.15|0.00|0.00|0.00|0|49||0.00|0.00|0.00||0.00|0.0000|0.000|0.0000|0.00||0.00|0.0000|0.000|0.0000|0.00||
|C170|1|005621||16.0000|2|381.76|0.00|0|100|1101|143|400.85|18.00|72.15|0.00|0.00|0.00|0|00||381.76|5.00|19.09||0.00|0.0000|0.000|0.0000|0.00||0.00|0.0000|0.000|0.0000|0.00|228|
|C170|2|005622||16.0000|2|521.76|0.00|0|100|1101|143|521.76|18.00|93.92|0.00|0.00|0.00|0|49||521.76|0.00|0.00||0.00|0.0000|0.000|0.0000|0.00||0.00|0.0000|0.000|0.0000|0.00|228|
|C170|1|200120000159||16.0000|2|939.52|0.00|0|100|1101|143|1080.45|18.00|194.48|0.00|0.00|0.00|0|00||939.52|15.00|140.93||0.00|0.0000|0.000|0.0000|0.00||0.00|0.0000|0.000|0.0000|0.00|228|
|C170|2|201120002644||2.0000|2|547.68|0.00|0|100|1101|143|629.83|18.00|113.37|0.00|0.00|0.00|0|00||547.68|15.00|82.15||0.00|0.0000|0.000|0.0000|0.00||0.00|0.0000|0.000|0.0000|0.00|228|
|C170|3|201140000300||16.0000|2|378.08|0.00|0|600|1101|143|378.08|18.00|68.05|0.00|0.00|0.00|0|49||378.08|0.00|0.00||0.00|0.0000|0.000|0.0000|0.00||0.00|0.0000|0.000|0.0000|0.00|228|
|C170|1|1912T||36.0000|2|360.00|0.00|0|090|1916|150|0.00|0.00|0.00|0.00|0.00|0.00|0|49||360.00|0.00|0.00||0.00|0.0000|0.000|0.0000|0.00||0.00|0.0000|0.000|0.0000|0.00||
|C170|1|201140000300||24.0000|2|567.12|0.00|0|600|1101|143|567.12|18.00|102.08|0.00|0.00|0.00|0|49||567.12|0.00|0.00||0.00|0.0000|0.000|0.0000|0.00||0.00|0.0000|0.000|0.0000|0.00||
|C170|1|S3095.LT5||3.0000|423|427.65|0.00|0|000|1101|143|470.42|25.00|117.61|0.00|0.00|0.00|0|00||427.65|10.00|42.77||0.00|0.0000|0.000|0.0000|0.00||0.00|0.0000|0.000|0.0000|0.00|228|
|C170|1|S3001.1/4||4.0000|411|318.80|0.00|0|000|1101|143|318.80|18.00|57.38|0.00|0.00|0.00|0|01||0.00|0.00|0.00||0.00|0.0000|0.000|0.0000|0.00||0.00|0.0000|0.000|0.0000|0.00||
|C170|2|S3025.1/4||2.0000|411|139.48|0.00|0|000|1101|143|139.48|18.00|25.11|0.00|0.00|0.00|0|01||0.00|0.00|0.00||0.00|0.0000|0.000|0.0000|0.00||0.00|0.0000|0.000|0.0000|0.00||
|C170|3|S3095.LT5||3.0000|423|427.65|0.00|0|000|1101|143|470.42|25.00|117.61|0.00|0.00|0.00|0|00||427.65|10.00|42.77||0.00|0.0000|0.000|0.0000|0.00||0.00|0.0000|0.000|0.0000|0.00||
|C170|4|V1090.LT5||3.0000|5411|45.99|0.00|0|000|1101|143|50.59|25.00|12.65|0.00|0.00|0.00|0|00||45.99|10.00|4.60||0.00|0.0000|0.000|0.0000|0.00||0.00|0.0000|0.000|0.0000|0.00||
|C170|1|208400||2.0000|2|90.00|0.00|0|000|1933|177|0.00|0.00|0.00|0.00|0.00|0.00|0|49||0.00|0.00|0.00||0.00|0.0000|0.000|0.0000|0.00||0.00|0.0000|0.000|0.0000|0.00||
|C170|2|208400||3.0000|2|99.00|0.00|0|000|1933|177|0.00|0.00|0.00|0.00|0.00|0.00|0|49||0.00|0.00|0.00||0.00|0.0000|0.000|0.0000|0.00||0.00|0.0000|0.000|0.0000|0.00||
|C170|3|208400||1.0000|2|36.50|0.00|0|000|1933|177|0.00|0.00|0.00|0.00|0.00|0.00|0|49||0.00|0.00|0.00||0.00|0.0000|0.000|0.0000|0.00||0.00|0.0000|0.000|0.0000|0.00||
|C170|4|208400||1.0000|2|28.00|0.00|0|000|1933|177|0.00|0.00|0.00|0.00|0.00|0.00|0|49||0.00|0.00|0.00||0.00|0.0000|0.000|0.0000|0.00||0.00|0.0000|0.000|0.0000|0.00||
|C170|5|208400||4.0000|2|260.00|0.00|0|000|1933|177|0.00|0.00|0.00|0.00|0.00|0.00|0|49||0.00|0.00|0.00||0.00|0.0000|0.000|0.0000|0.00||0.00|0.0000|0.000|0.0000|0.00||
|C170|6|208400||6.0000|2|300.00|0.00|0|000|1933|177|0.00|0.00|0.00|0.00|0.00|0.00|0|49||0.00|0.00|0.00||0.00|0.0000|0.000|0.0000|0.00||0.00|0.0000|0.000|0.0000|0.00||
|C170|7|208400||1.0000|2|55.00|0.00|0|000|1933|177|0.00|0.00|0.00|0.00|0.00|0.00|0|49||0.00|0.00|0.00||0.00|0.0000|0.000|0.0000|0.00||0.00|0.0000|0.000|0.0000|0.00||
|C170|8|208400||1.0000|2|47.24|0.00|0|000|1933|177|0.00|0.00|0.00|0.00|0.00|0.00|0|49||0.00|0.00|0.00||0.00|0.0000|0.000|0.0000|0.00||0.00|0.0000|0.000|0.0000|0.00||
|C170|9|208400||1.0000|2|52.80|0.00|0|000|1933|177|0.00|0.00|0.00|0.00|0.00|0.00|0|49||0.00|0.00|0.00||0.00|0.0000|0.000|0.0000|0.00||0.00|0.0000|0.000|0.0000|0.00||
|C170|10|208400||1.0000|2|44.00|0.00|0|000|1933|177|0.00|0.00|0.00|0.00|0.00|0.00|0|49||0.00|0.00|0.00||0.00|0.0000|0.000|0.0000|0.00||0.00|0.0000|0.000|0.0000|0.00||
|C170|11|208400||2.0000|2|80.00|0.00|0|000|1933|177|0.00|0.00|0.00|0.00|0.00|0.00|0|49||0.00|0.00|0.00||0.00|0.0000|0.000|0.0000|0.00||0.00|0.0000|0.000|0.0000|0.00||
|C170|12|990299||1.0000|1|73.80|0.00|0|000|1933|177|0.00|0.00|0.00|0.00|0.00|0.00|0|49||0.00|0.00|0.00||0.00|0.0000|0.000|0.0000|0.00||0.00|0.0000|0.000|0.0000|0.00||
|C170|1|2201002||108.0000|9|1620.00|0.00|0|000|1101|143|1620.00|18.00|291.60|0.00|0.00|0.00|0|00||1620.00|15.00|243.00||0.00|0.0000|0.000|0.0000|0.00||0.00|0.0000|0.000|0.0000|0.00||
|C170|1|MI-0018||32.0000|163|40.00|0.00|0|000|1101|143|40.00|18.00|7.20|0.00|0.00|0.00|0|00||40.00|5.00|2.00||0.00|0.0000|0.000|0.0000|0.00||0.00|0.0000|0.000|0.0000|0.00||
|C170|1|Y4960||40.0000|425|821.20|0.00|0|200|1101|142|821.20|18.00|147.82|0.00|0.00|0.00|0|03||0.00|0.00|0.00||0.00|0.0000|0.000|0.0000|0.00||0.00|0.0000|0.000|0.0000|0.00||
|C170|1|Y4960||20.0000|425|410.60|0.00|0|200|1101|142|410.60|18.00|73.91|0.00|0.00|0.00|0|03||0.00|0.00|0.00||0.00|0.0000|0.000|0.0000|0.00||0.00|0.0000|0.000|0.0000|0.00||
|C170|1|50234001000||2000.0000|6|5500.00|0.00|0|100|2101|143|5500.00|4.00|220.00|0.00|0.00|0.00|0|01||0.00|0.00|0.00||0.00|0.0000|0.000|0.0000|0.00||0.00|0.0000|0.000|0.0000|0.00||
|C170|1|50234001000||2000.0000|6|5500.00|0.00|0|100|2101|143|5500.00|4.00|220.00|0.00|0.00|0.00|0|01||0.00|0.00|0.00||0.00|0.0000|0.000|0.0000|0.00||0.00|0.0000|0.000|0.0000|0.00||
|C170|1|50218001000||500.0000|6|1550.00|0.00|0|100|2101|143|1550.00|4.00|62.00|0.00|0.00|0.00|0|01||0.00|0.00|0.00||0.00|0.0000|0.000|0.0000|0.00||0.00|0.0000|0.000|0.0000|0.00||
|C170|1|50218001000||500.0000|6|1450.00|0.00|0|100|2101|143|1450.00|4.00|58.00|0.00|0.00|0.00|0|01||0.00|0.00|0.00||0.00|0.0000|0.000|0.0000|0.00||0.00|0.0000|0.000|0.0000|0.00||
|C170|1|50234001000||2000.0000|6|5500.00|0.00|0|100|2101|143|5500.00|4.00|220.00|0.00|0.00|0.00|0|01||0.00|0.00|0.00||0.00|0.0000|0.000|0.0000|0.00||0.00|0.0000|0.000|0.0000|0.00||
|C170|1|50234000000||200.0000|6|550.00|0.00|0|100|2101|143|550.00|4.00|22.00|0.00|0.00|0.00|0|01||0.00|0.00|0.00||0.00|0.0000|0.000|0.0000|0.00||0.00|0.0000|0.000|0.0000|0.00||
|C170|2|50234001000||2000.0000|6|5500.00|0.00|0|100|2101|143|5500.00|4.00|220.00|0.00|0.00|0.00|0|01||0.00|0.00|0.00||0.00|0.0000|0.000|0.0000|0.00||0.00|0.0000|0.000|0.0000|0.00||
|C170|1|50234001000||2000.0000|6|5500.00|0.00|0|100|2101|143|5500.00|4.00|220.00|0.00|0.00|0.00|0|01||0.00|0.00|0.00||0.00|0.0000|0.000|0.0000|0.00||0.00|0.0000|0.000|0.0000|0.00||
|C170|1|99999933251794||1600.0000|427|506.88|0.00|0|900|1124|152|0.00|0.00|0.00|0.00|0.00|0.00|0|49||0.00|0.00|0.00||0.00|0.0000|0.000|0.0000|0.00||0.00|0.0000|0.000|0.0000|0.00||
|C170|2|70||1600.0000|427|320.00|0.00|0|900|1902|170|0.00|0.00|0.00|0.00|0.00|0.00|0|49||0.00|0.00|0.00||0.00|0.0000|0.000|0.0000|0.00||0.00|0.0000|0.000|0.0000|0.00||
|C170|1|00826||8.3900|9|90.95|0.00|0|102|1556|109|0.00|0.00|0.00|0.00|0.00|0.00|0|49||0.00|0.00|0.00||0.00|0.0000|0.000|0.0000|0.00||0.00|0.0000|0.000|0.0000|0.00||
|C170|1|76||8.5000|9|102.34|0.00|0|102|1556|109|0.00|0.00|0.00|0.00|0.00|0.00|0|49||0.00|0.00|0.00||0.00|0.0000|0.000|0.0000|0.00||0.00|0.0000|0.000|0.0000|0.00||
|C170|1|99999933251801||2.0000|5|104.08|0.00|0|102|1556|109|0.00|0.00|0.00|0.00|0.00|0.00|0|49||0.00|0.00|0.00||0.00|0.0000|0.000|0.0000|0.00||0.00|0.0000|0.000|0.0000|0.00||
|C170|1|77||1.6750|9|18.96|0.00|0|102|1556|109|0.00|0.00|0.00|0.00|0.00|0.00|0|49||0.00|0.00|0.00||0.00|0.0000|0.000|0.0000|0.00||0.00|0.0000|0.000|0.0000|0.00||
|C170|2|78||2.1500|9|24.34|0.00|0|102|1556|109|0.00|0.00|0.00|0.00|0.00|0.00|0|49||0.00|0.00|0.00||0.00|0.0000|0.000|0.0000|0.00||0.00|0.0000|0.000|0.0000|0.00||
|C170|3|00079||2.3950|9|27.11|0.00|0|102|1556|109|0.00|0.00|0.00|0.00|0.00|0.00|0|49||0.00|0.00|0.00||0.00|0.0000|0.000|0.0000|0.00||0.00|0.0000|0.000|0.0000|0.00||
|C170|4|509||1.0000|5|67.50|0.00|0|102|1556|109|0.00|0.00|0.00|0.00|0.00|0.00|0|49||0.00|0.00|0.00||0.00|0.0000|0.000|0.0000|0.00||0.00|0.0000|0.000|0.0000|0.00||
|C170|1|28343||20.0000|34|570.40|0.00|0|000|1556|109|0.00|0.00|0.00|0.00|0.00|0.00|0|49||570.40|10.00|57.04||0.00|0.0000|0.000|0.0000|0.00||0.00|0.0000|0.000|0.0000|0.00|395|
|C170|1|C1||1.0000|71|905.67|0.00|0|060|1653|136|0.00|0.00|0.00|0.00|0.00|0.00|0|49||0.00|0.00|0.00||0.00|0.0000|0.000|0.0000|0.00||0.00|0.0000|0.000|0.0000|0.00|272|
|C170|1|C1||1.0000|71|1159.20|0.00|0|060|1653|136|0.00|0.00|0.00|0.00|0.00|0.00|0|49||0.00|0.00|0.00||0.00|0.0000|0.000|0.0000|0.00||0.00|0.0000|0.000|0.0000|0.00|272|
|C170|1|ANTIVIRUS||1.0000|2|120.00|0.00|0|000|1556|109|0.00|0.00|0.00|0.00|0.00|0.00|0|49||0.00|0.00|0.00||0.00|0.0000|0.000|0.0000|0.00||0.00|0.0000|0.000|0.0000|0.00|395|
|C170|1|HD||1.0000|2|330.00|0.00|0|000|1556|108|0.00|0.00|0.00|0.00|0.00|0.00|0|49||0.00|0.00|0.00||0.00|0.0000|0.000|0.0000|0.00||0.00|0.0000|0.000|0.0000|0.00|395|
|C170|1|0200000000028||1.0000|1|42.00|0.00|0|101|1556|108|0.00|0.00|0.00|0.00|0.00|0.00|0|49||0.00|0.00|0.00||0.00|0.0000|0.000|0.0000|0.00||0.00|0.0000|0.000|0.0000|0.00|395|
|C170|2|0200000000073||1.0000|1|80.00|0.00|0|101|1556|108|0.00|0.00|0.00|0.00|0.00|0.00|0|49||0.00|0.00|0.00||0.00|0.0000|0.000|0.0000|0.00||0.00|0.0000|0.000|0.0000|0.00|395|
|C170|3|0200000000301||1.0000|1|290.00|0.00|0|101|1556|108|0.00|0.00|0.00|0.00|0.00|0.00|0|49||0.00|0.00|0.00||0.00|0.0000|0.000|0.0000|0.00||0.00|0.0000|0.000|0.0000|0.00|395|
|C170|4|0200000000318||1.0000|1|290.00|0.00|0|101|1556|108|0.00|0.00|0.00|0.00|0.00|0.00|0|49||0.00|0.00|0.00||0.00|0.0000|0.000|0.0000|0.00||0.00|0.0000|0.000|0.0000|0.00|395|
|C170|5|0200000035693||2.0000|1|80.00|0.00|0|101|1556|108|0.00|0.00|0.00|0.00|0.00|0.00|0|49||0.00|0.00|0.00||0.00|0.0000|0.000|0.0000|0.00||0.00|0.0000|0.000|0.0000|0.00|395|
|C170|1|99999933251472||2.0000|67|410.00|0.00|0|200|1101|143|410.00|18.00|73.80|0.00|0.00|0.00|0|03||0.00|0.00|0.00||0.00|0.0000|0.000|0.0000|0.00||0.00|0.0000|0.000|0.0000|0.00||
|C170|2|99999933251790||25.0000|18|987.50|0.00|0|260|1401|145|0.00|0.00|0.00|0.00|0.00|0.00|0|03||0.00|0.00|0.00||0.00|0.0000|0.000|0.0000|0.00||0.00|0.0000|0.000|0.0000|0.00||
|C170|3|99999933251473||4.0000|67|820.00|0.00|0|200|1101|143|820.00|18.00|147.60|0.00|0.00|0.00|0|03||0.00|0.00|0.00||0.00|0.0000|0.000|0.0000|0.00||0.00|0.0000|0.000|0.0000|0.00||
|C170|4|99999933251487||50.0000|18|1975.00|0.00|0|260|1401|145|0.00|0.00|0.00|0.00|0.00|0.00|0|03||0.00|0.00|0.00||0.00|0.0000|0.000|0.0000|0.00||0.00|0.0000|0.000|0.0000|0.00||
|C170|5|99999933251474||4.0000|67|820.00|0.00|0|200|1101|143|820.00|18.00|147.60|0.00|0.00|0.00|0|03||0.00|0.00|0.00||0.00|0.0000|0.000|0.0000|0.00||0.00|0.0000|0.000|0.0000|0.00||
|C170|1|2072||4.0000|67|820.00|0.00|0|200|1101|143|820.00|18.00|147.60|0.00|0.00|0.00|0|03||0.00|0.00|0.00||0.00|0.0000|0.000|0.0000|0.00||0.00|0.0000|0.000|0.0000|0.00||
|C170|2|99999933251472||4.0000|67|820.00|0.00|0|200|1101|143|820.00|18.00|147.60|0.00|0.00|0.00|0|03||0.00|0.00|0.00||0.00|0.0000|0.000|0.0000|0.00||0.00|0.0000|0.000|0.0000|0.00||
|C170|3|99999933251473||3.0000|67|615.00|0.00|0|200|1101|143|615.00|18.00|110.70|0.00|0.00|0.00|0|03||0.00|0.00|0.00||0.00|0.0000|0.000|0.0000|0.00||0.00|0.0000|0.000|0.0000|0.00||
|C170|4|99999933251474||2.0000|67|410.00|0.00|0|200|1101|143|410.00|18.00|73.80|0.00|0.00|0.00|0|03||0.00|0.00|0.00||0.00|0.0000|0.000|0.0000|0.00||0.00|0.0000|0.000|0.0000|0.00||
|C170|1|2072||8.0000|67|1640.00|0.00|0|200|1101|143|1640.00|18.00|295.20|0.00|0.00|0.00|0|03||0.00|0.00|0.00||0.00|0.0000|0.000|0.0000|0.00||0.00|0.0000|0.000|0.0000|0.00||
|C170|1|2072||6.0000|67|1230.00|0.00|0|200|1101|143|1230.00|18.00|221.40|0.00|0.00|0.00|0|03||0.00|0.00|0.00||0.00|0.0000|0.000|0.0000|0.00||0.00|0.0000|0.000|0.0000|0.00||
|C170|2|99999933251472||4.0000|67|820.00|0.00|0|200|1101|143|820.00|18.00|147.60|0.00|0.00|0.00|0|03||0.00|0.00|0.00||0.00|0.0000|0.000|0.0000|0.00||0.00|0.0000|0.000|0.0000|0.00||
|C170|3|99999933251473||4.0000|67|820.00|0.00|0|200|1101|143|820.00|18.00|147.60|0.00|0.00|0.00|0|03||0.00|0.00|0.00||0.00|0.0000|0.000|0.0000|0.00||0.00|0.0000|0.000|0.0000|0.00||
|C170|4|99999933251474||4.0000|67|820.00|0.00|0|200|1101|143|820.00|18.00|147.60|0.00|0.00|0.00|0|03||0.00|0.00|0.00||0.00|0.0000|0.000|0.0000|0.00||0.00|0.0000|0.000|0.0000|0.00||
|C170|1|2072||4.0000|67|820.00|0.00|0|200|1101|143|820.00|18.00|147.60|0.00|0.00|0.00|0|03||0.00|0.00|0.00||0.00|0.0000|0.000|0.0000|0.00||0.00|0.0000|0.000|0.0000|0.00||
|C170|2|99999933251487||25.0000|18|987.50|0.00|0|260|1401|145|0.00|0.00|0.00|0.00|0.00|0.00|0|03||0.00|0.00|0.00||0.00|0.0000|0.000|0.0000|0.00||0.00|0.0000|0.000|0.0000|0.00||
|C170|3|99999933251472||4.0000|67|820.00|0.00|0|200|1101|143|820.00|18.00|147.60|0.00|0.00|0.00|0|03||0.00|0.00|0.00||0.00|0.0000|0.000|0.0000|0.00||0.00|0.0000|0.000|0.0000|0.00||
|C170|4|99999933251473||4.0000|67|820.00|0.00|0|200|1101|143|820.00|18.00|147.60|0.00|0.00|0.00|0|03||0.00|0.00|0.00||0.00|0.0000|0.000|0.0000|0.00||0.00|0.0000|0.000|0.0000|0.00||
|C170|5|99999933251474||2.0000|67|410.00|0.00|0|200|1101|143|410.00|18.00|73.80|0.00|0.00|0.00|0|03||0.00|0.00|0.00||0.00|0.0000|0.000|0.0000|0.00||0.00|0.0000|0.000|0.0000|0.00||
|C170|1|2072||4.0000|67|820.00|0.00|0|200|1101|143|820.00|18.00|147.60|0.00|0.00|0.00|0|03||0.00|0.00|0.00||0.00|0.0000|0.000|0.0000|0.00||0.00|0.0000|0.000|0.0000|0.00||
|C170|2|99999933251472||6.0000|67|1230.00|0.00|0|200|1101|143|1230.00|18.00|221.40|0.00|0.00|0.00|0|03||0.00|0.00|0.00||0.00|0.0000|0.000|0.0000|0.00||0.00|0.0000|0.000|0.0000|0.00||
|C170|3|99999933251473||4.0000|67|820.00|0.00|0|200|1101|143|820.00|18.00|147.60|0.00|0.00|0.00|0|03||0.00|0.00|0.00||0.00|0.0000|0.000|0.0000|0.00||0.00|0.0000|0.000|0.0000|0.00||
|C170|4|99999933251474||4.0000|67|820.00|0.00|0|200|1101|143|820.00|18.00|147.60|0.00|0.00|0.00|0|03||0.00|0.00|0.00||0.00|0.0000|0.000|0.0000|0.00||0.00|0.0000|0.000|0.0000|0.00||
|C170|1|002439||1.0000|67|205.00|0.00|0|200|1101|143|205.00|18.00|36.90|0.00|0.00|0.00|0|03||0.00|0.00|0.00||0.00|0.0000|0.000|0.0000|0.00||0.00|0.0000|0.000|0.0000|0.00||
|C170|2|002440||1.0000|67|205.00|0.00|0|200|1101|143|205.00|18.00|36.90|0.00|0.00|0.00|0|03||0.00|0.00|0.00||0.00|0.0000|0.000|0.0000|0.00||0.00|0.0000|0.000|0.0000|0.00||
|C170|1|2072||6.0000|67|1230.00|0.00|0|200|1101|143|1230.00|18.00|221.40|0.00|0.00|0.00|0|03||0.00|0.00|0.00||0.00|0.0000|0.000|0.0000|0.00||0.00|0.0000|0.000|0.0000|0.00||
|C170|1|2072||1.0000|67|248.00|0.00|0|200|1101|143|248.00|18.00|44.64|0.00|0.00|0.00|0|03||0.00|0.00|0.00||0.00|0.0000|0.000|0.0000|0.00||0.00|0.0000|0.000|0.0000|0.00||
|C170|1|99999933251802||144.0000|2|270.72|0.00|0|060|1407|107|0.00|0.00|0.00|0.00|0.00|0.00|0|49||0.00|0.00|0.00||0.00|0.0000|0.000|0.0000|0.00||0.00|0.0000|0.000|0.0000|0.00||
|C170|1|39187||10.0000|2|54.40|0.00|0|060|1407|107|0.00|0.00|0.00|0.00|0.00|0.00|0|49||0.00|0.00|0.00||0.00|0.0000|0.000|0.0000|0.00||0.00|0.0000|0.000|0.0000|0.00||
|C170|2|41114||20.0000|11|26.80|0.00|0|060|1407|107|0.00|0.00|0.00|0.00|0.00|0.00|0|49||0.00|0.00|0.00||0.00|0.0000|0.000|0.0000|0.00||0.00|0.0000|0.000|0.0000|0.00||
|C170|3|917044||5.0000|2|20.30|0.00|0|060|1407|107|0.00|0.00|0.00|0.00|0.00|0.00|0|49||0.00|0.00|0.00||0.00|0.0000|0.000|0.0000|0.00||0.00|0.0000|0.000|0.0000|0.00||
|C170|4|99999933251802||36.0000|2|63.72|0.00|0|060|1407|107|0.00|0.00|0.00|0.00|0.00|0.00|0|49||0.00|0.00|0.00||0.00|0.0000|0.000|0.0000|0.00||0.00|0.0000|0.000|0.0000|0.00||
|C170|1|B200602||250.0000|6|500.00|0.00|0|041|1901|169|0.00|0.00|0.00|0.00|0.00|0.00|0|49||0.00|0.00|0.00||0.00|0.0000|0.000|0.0000|0.00||0.00|0.0000|0.000|0.0000|0.00||
|C170|1|886||70.0000|9|945.00|0.00|0|102|1556|109|0.00|0.00|0.00|0.00|0.00|0.00|0|49||0.00|0.00|0.00||0.00|0.0000|0.000|0.0000|0.00||0.00|0.0000|0.000|0.0000|0.00||
|C170|1|705555||62.5000|17|3701.25|0.00|0|100|1101|142|3771.75|18.00|678.92|0.00|0.00|0.00|0|00||3701.25|10.00|370.13||0.00|0.0000|0.000|0.0000|0.00||0.00|0.0000|0.000|0.0000|0.00||
|C170|1|9551084957||100.0000|9|1630.00|0.00|0|102|1101|143|0.00|0.00|0.00|0.00|0.00|0.00|0|00||0.00|0.00|0.00||0.00|0.0000|0.000|0.0000|0.00||0.00|0.0000|0.000|0.0000|0.00||
|C170|1|9551084957||100.0000|9|1680.00|0.00|0|102|1101|143|0.00|0.00|0.00|0.00|0.00|0.00|0|00||0.00|0.00|0.00||0.00|0.0000|0.000|0.0000|0.00||0.00|0.0000|0.000|0.0000|0.00||
|C170|1|698||0.1800|432|13.29|0.00|0|101|1101|143|13.29|2.87|0.38|0.00|0.00|0.00|0|49||0.00|0.00|0.00||0.00|0.0000|0.000|0.0000|0.00||0.00|0.0000|0.000|0.0000|0.00|228|
|C170|2|719||0.7000|432|366.41|0.00|0|101|1101|143|366.41|2.87|10.52|0.00|0.00|0.00|0|49||0.00|0.00|0.00||0.00|0.0000|0.000|0.0000|0.00||0.00|0.0000|0.000|0.0000|0.00|228|
|C170|3|728||16.0000|432|394.24|0.00|0|101|1101|143|394.24|2.87|11.31|0.00|0.00|0.00|0|49||0.00|0.00|0.00||0.00|0.0000|0.000|0.0000|0.00||0.00|0.0000|0.000|0.0000|0.00|228|
|C170|1|9999008495||511.5000|9|7222.38|0.00|0|000|1101|143|7222.38|18.00|1300.03|0.00|0.00|0.00|0|01||0.00|0.00|0.00||0.00|0.0000|0.000|0.0000|0.00||0.00|0.0000|0.000|0.0000|0.00||
|C170|1|LBK.050||4.5000|9|300.87|0.00|0|101|1556|108|0.00|0.00|0.00|0.00|0.00|0.00|0|49||0.00|0.00|0.00||0.00|0.0000|0.000|0.0000|0.00||0.00|0.0000|0.000|0.0000|0.00|395|
|C170|1|002344||2.0000|26|60.88|0.00|0|000|1101|143|60.88|18.00|10.96|0.00|0.00|0.00|0|00||60.88|15.00|9.13||0.00|0.0000|0.000|0.0000|0.00||0.00|0.0000|0.000|0.0000|0.00||
|C170|2|99999933251441||2.0000|195|379.24|0.00|0|010|1401|145|0.00|0.00|0.00|0.00|0.00|0.00|0|04||0.00|0.00|0.00||0.00|0.0000|0.000|0.0000|0.00||0.00|0.0000|0.000|0.0000|0.00|228|
|C170|3|022746||1.0000|128|10.00|0.00|0|000|1101|143|10.00|18.00|1.80|0.00|0.00|0.00|0|49||0.00|0.00|0.00||0.00|0.0000|0.000|0.0000|0.00||0.00|0.0000|0.000|0.0000|0.00||
|C170|1|TUB-009||199.9500|9|2823.29|0.00|0|000|1101|143|2823.29|18.00|508.19|0.00|0.00|0.00|0|05||0.00|0.00|0.00||0.00|0.0000|0.000|0.0000|0.00||0.00|0.0000|0.000|0.0000|0.00||
|C170|2|TUB-003L||466.5500|9|6587.69|0.00|0|000|1101|143|6587.69|18.00|1185.78|0.00|0.00|0.00|0|05||0.00|0.00|0.00||0.00|0.0000|0.000|0.0000|0.00||0.00|0.0000|0.000|0.0000|0.00||
|C170|1|0530100000||385.0000|112|2710.40|0.00|0|050|1924|180|0.00|0.00|0.00|0.00|0.00|0.00|0|05||0.00|0.00|0.00||0.00|0.0000|0.000|0.0000|0.00||0.00|0.0000|0.000|0.0000|0.00||
|C170|2|1931100000||51.0000|112|478.89|0.00|0|050|1924|180|0.00|0.00|0.00|0.00|0.00|0.00|0|05||0.00|0.00|0.00||0.00|0.0000|0.000|0.0000|0.00||0.00|0.0000|0.000|0.0000|0.00||
|C170|3|PR008851-003||129.0000|112|942.99|0.00|0|050|1924|180|0.00|0.00|0.00|0.00|0.00|0.00|0|05||0.00|0.00|0.00||0.00|0.0000|0.000|0.0000|0.00||0.00|0.0000|0.000|0.0000|0.00||
|C170|1|PR008851-003||280.0000|112|2046.80|0.00|0|050|1924|180|0.00|0.00|0.00|0.00|0.00|0.00|0|05||0.00|0.00|0.00||0.00|0.0000|0.000|0.0000|0.00||0.00|0.0000|0.000|0.0000|0.00||
|C170|1|32062||1.0000|1|6000.00|0.00|0|550|2916|150|0.00|0.00|0.00|0.00|0.00|0.00|0|03||0.00|0.00|0.00||0.00|0.0000|0.000|0.0000|0.00||0.00|0.0000|0.000|0.0000|0.00||
|C170|1|6919||1.0000|1|17.70|0.00|0|000|2556|109|0.00|0.00|0.00|0.00|0.00|0.00|0|49||17.70|10.00|1.77||0.00|0.0000|0.000|0.0000|0.00||0.00|0.0000|0.000|0.0000|0.00|395|
|C170|2|19351||1.0000|1|177.02|0.00|0|000|2556|109|0.00|0.00|0.00|0.00|0.00|0.00|0|49||0.00|0.00|0.00||0.00|0.0000|0.000|0.0000|0.00||0.00|0.0000|0.000|0.0000|0.00|395|
|C170|3|21283||1.0000|1|31.50|0.00|0|100|2556|109|0.00|0.00|0.00|0.00|0.00|0.00|0|49||31.50|10.00|3.15||0.00|0.0000|0.000|0.0000|0.00||0.00|0.0000|0.000|0.0000|0.00|395|
|C170|1|12539||1.0000|2|95500.00|0.00|0|400|2551|140|0.00|0.00|0.00|0.00|0.00|0.00|0|49||0.00|0.00|0.00||0.00|0.0000|0.000|0.0000|0.00||0.00|0.0000|0.000|0.0000|0.00|104|
|C170|1|99999933251485||70.0000|167|203.00|0.00|0|400|1901|169|0.00|0.00|0.00|0.00|0.00|0.00|0|49||0.00|0.00|0.00||0.00|0.0000|0.000|0.0000|0.00||0.00|0.0000|0.000|0.0000|0.00||
|C170|1|99999933251485||100.0000|167|690.00|0.00|0|400|1901|169|0.00|0.00|0.00|0.00|0.00|0.00|0|49||0.00|0.00|0.00||0.00|0.0000|0.000|0.0000|0.00||0.00|0.0000|0.000|0.0000|0.00||
|C170|1|99999933251796||25.0000|112|75.00|0.00|0|000|1901|169|0.00|0.00|0.00|0.00|0.00|0.00|0|49||0.00|0.00|0.00||0.00|0.0000|0.000|0.0000|0.00||0.00|0.0000|0.000|0.0000|0.00||
|C170|1|99999933251797||20.0000|9|370.00|0.00|0|000|1901|169|0.00|0.00|0.00|0.00|0.00|0.00|0|49||0.00|0.00|0.00||0.00|0.0000|0.000|0.0000|0.00||0.00|0.0000|0.000|0.0000|0.00||
|C170|1|APT0505||43.0000|2|44.29|0.00|0|000|1949|117|44.29|18.00|7.98|0.00|0.00|0.00|0|49||0.00|0.00|0.00||0.00|0.0000|0.000|0.0000|0.00||0.00|0.0000|0.000|0.0000|0.00||
|C170|2|BEN0504||86.0000|2|110.94|0.00|0|020|1949|117|64.71|12.00|7.76|0.00|0.00|0.00|0|49||0.00|0.00|0.00||0.00|0.0000|0.000|0.0000|0.00||0.00|0.0000|0.000|0.0000|0.00||
|C170|3|COL0501||86.0000|2|129.86|0.00|0|060|1949|117|0.00|0.00|0.00|0.00|0.00|0.00|0|49||0.00|0.00|0.00||0.00|0.0000|0.000|0.0000|0.00||0.00|0.0000|0.000|0.0000|0.00||
|C170|4|CON0502||86.0000|2|264.88|0.00|0|060|1949|117|0.00|0.00|0.00|0.00|0.00|0.00|0|49||0.00|0.00|0.00||0.00|0.0000|0.000|0.0000|0.00||0.00|0.0000|0.000|0.0000|0.00||
|C170|5|FUG0501||43.0000|2|43.00|0.00|0|060|1949|117|0.00|0.00|0.00|0.00|0.00|0.00|0|49||0.00|0.00|0.00||0.00|0.0000|0.000|0.0000|0.00||0.00|0.0000|0.000|0.0000|0.00||
|C170|6|HEL0801||43.0000|2|52.03|0.00|0|040|1949|117|0.00|0.00|0.00|0.00|0.00|0.00|0|49||0.00|0.00|0.00||0.00|0.0000|0.000|0.0000|0.00||0.00|0.0000|0.000|0.0000|0.00||
|C170|7|LIL0501||43.0000|2|80.41|0.00|0|020|1949|117|46.91|12.00|5.63|0.00|0.00|0.00|0|49||0.00|0.00|0.00||0.00|0.0000|0.000|0.0000|0.00||0.00|0.0000|0.000|0.0000|0.00||
|C170|8|MIL0504||86.0000|2|327.66|0.00|0|020|1949|117|127.42|18.00|22.94|0.00|0.00|0.00|0|49||0.00|0.00|0.00||0.00|0.0000|0.000|0.0000|0.00||0.00|0.0000|0.000|0.0000|0.00||
|C170|9|PAR0501||43.0000|2|34.83|0.00|0|060|1949|117|0.00|0.00|0.00|0.00|0.00|0.00|0|49||0.00|0.00|0.00||0.00|0.0000|0.000|0.0000|0.00||0.00|0.0000|0.000|0.0000|0.00||
|C170|10|PEL0501||43.0000|2|215.86|0.00|0|060|1949|117|0.00|0.00|0.00|0.00|0.00|0.00|0|49||0.00|0.00|0.00||0.00|0.0000|0.000|0.0000|0.00||0.00|0.0000|0.000|0.0000|0.00||
|C170|11|QUA0601||43.0000|2|92.88|0.00|0|060|1949|117|0.00|0.00|0.00|0.00|0.00|0.00|0|49||0.00|0.00|0.00||0.00|0.0000|0.000|0.0000|0.00||0.00|0.0000|0.000|0.0000|0.00||
|C170|12|REI0501||86.0000|2|774.86|0.00|0|020|1949|117|301.34|18.00|54.24|0.00|0.00|0.00|0|49||0.00|0.00|0.00||0.00|0.0000|0.000|0.0000|0.00||0.00|0.0000|0.000|0.0000|0.00||
|C170|13|TWI0902||43.0000|2|37.84|0.00|0|060|1949|117|0.00|0.00|0.00|0.00|0.00|0.00|0|49||0.00|0.00|0.00||0.00|0.0000|0.000|0.0000|0.00||0.00|0.0000|0.000|0.0000|0.00||
|C170|14|VIT0503||43.0000|2|37.84|0.00|0|060|1949|117|0.00|0.00|0.00|0.00|0.00|0.00|0|49||0.00|0.00|0.00||0.00|0.0000|0.000|0.0000|0.00||0.00|0.0000|0.000|0.0000|0.00||
|C170|15|XXX1003||43.0000|2|73.96|0.00|0|000|1949|117|73.96|18.00|13.31|0.00|0.00|0.00|0|49||0.00|0.00|0.00||0.00|0.0000|0.000|0.0000|0.00||0.00|0.0000|0.000|0.0000|0.00||
|C170|16|PR006783-016||43.0000|2|22.36|0.00|0|020|1949|117|8.70|18.00|1.56|0.00|0.00|0.00|0|49||0.00|0.00|0.00||0.00|0.0000|0.000|0.0000|0.00||0.00|0.0000|0.000|0.0000|0.00||
|C170|1|99999933251791||100.0000|112|895.00|0.00|0|020|1101|143|348.07|18.00|62.65|0.00|0.00|0.00|0|01||0.00|0.00|0.00||0.00|0.0000|0.000|0.0000|0.00||0.00|0.0000|0.000|0.0000|0.00||
|C170|1|99999933251792||306.0000|6|2448.00|0.00|0|020|1101|143|952.03|18.00|171.37|0.00|0.00|0.00|0|01||0.00|0.00|0.00||0.00|0.0000|0.000|0.0000|0.00||0.00|0.0000|0.000|0.0000|0.00||
|C170|1|OLIBA3000001||200.0000|6|2400.00|0.00|0|520|1101|143|933.36|18.00|168.00|0.00|0.00|0.00|0|01||0.00|0.00|0.00||0.00|0.0000|0.000|0.0000|0.00||0.00|0.0000|0.000|0.0000|0.00||
|C170|1|37||36.0000|60|1856.16|0.00|0|000|2202|133|1856.16|7.00|129.93|0.00|0.00|0.00|0|49||0.00|0.00|0.00||0.00|0.0000|0.000|0.0000|0.00||0.00|0.0000|0.000|0.0000|0.00||
|C170|1|DF65-008||40.0000|5|700.00|0.00|0|101|1101|143|700.00|3.88|27.16|0.00|0.00|0.00|0|02||0.00|0.00|0.00||0.00|0.0000|0.000|0.0000|0.00||0.00|0.0000|0.000|0.0000|0.00||
|C170|1|DF65-008||40.0000|5|700.00|0.00|0|101|1101|143|700.00|3.88|27.16|0.00|0.00|0.00|0|02||0.00|0.00|0.00||0.00|0.0000|0.000|0.0000|0.00||0.00|0.0000|0.000|0.0000|0.00||
|C170|1|DF65-008||30.0000|5|525.00|0.00|0|101|1101|143|525.00|3.88|20.37|0.00|0.00|0.00|0|49||0.00|0.00|0.00||0.00|0.0000|0.000|0.0000|0.00||0.00|0.0000|0.000|0.0000|0.00||
|C170|1|DF65-45||65.0000|5|812.50|0.00|0|101|1101|143|812.50|3.88|31.53|0.00|0.00|0.00|0|02||0.00|0.00|0.00||0.00|0.0000|0.000|0.0000|0.00||0.00|0.0000|0.000|0.0000|0.00||
|C170|1|DF65-008||30.0000|5|525.00|0.00|0|101|1101|143|525.00|3.88|20.37|0.00|0.00|0.00|0|02||0.00|0.00|0.00||0.00|0.0000|0.000|0.0000|0.00||0.00|0.0000|0.000|0.0000|0.00||
|C170|1|XX2005||0.4070|234|79.36|0.00|0|400|1124|152|0.00|0.00|0.00|0.00|0.00|0.00|0|49||0.00|0.00|0.00||0.00|0.0000|0.000|0.0000|0.00||0.00|0.0000|0.000|0.0000|0.00||
|C170|1|TC||15.1000|327|412.38|0.00|0|101|1901|169|0.00|0.00|0.00|0.00|0.00|0.00|0|49||0.00|0.00|0.00||0.00|0.0000|0.000|0.0000|0.00||0.00|0.0000|0.000|0.0000|0.00||
|C170|2|TC||16.4700|327|650.40|0.00|0|101|1901|169|0.00|0.00|0.00|0.00|0.00|0.00|0|49||0.00|0.00|0.00||0.00|0.0000|0.000|0.0000|0.00||0.00|0.0000|0.000|0.0000|0.00||
|C170|1|6411||1.0000|2|14.75|0.00|0|060|1407|106|0.00|0.00|0.00|0.00|0.00|0.00|0|49||0.00|0.00|0.00||0.00|0.0000|0.000|0.0000|0.00||0.00|0.0000|0.000|0.0000|0.00|395|
|C170|2|979346||1.0000|2|1.46|0.00|0|000|1556|108|0.00|0.00|0.00|0.00|0.00|0.00|0|49||0.00|0.00|0.00||0.00|0.0000|0.000|0.0000|0.00||0.00|0.0000|0.000|0.0000|0.00|395|
|C170|3|126250||1.0000|2|6.43|0.00|0|040|1556|108|0.00|0.00|0.00|0.00|0.00|0.00|0|49||0.00|0.00|0.00||0.00|0.0000|0.000|0.0000|0.00||0.00|0.0000|0.000|0.0000|0.00|395|
|C170|4|32136||1.0000|2|21.58|0.00|0|060|1407|106|0.00|0.00|0.00|0.00|0.00|0.00|0|49||0.00|0.00|0.00||0.00|0.0000|0.000|0.0000|0.00||0.00|0.0000|0.000|0.0000|0.00|395|
|C170|5|34892||1.0000|2|5.86|0.00|0|060|1407|106|0.00|0.00|0.00|0.00|0.00|0.00|0|49||0.00|0.00|0.00||0.00|0.0000|0.000|0.0000|0.00||0.00|0.0000|0.000|0.0000|0.00|395|
|C170|6|36525||1.0000|2|43.51|0.00|0|060|1407|106|0.00|0.00|0.00|0.00|0.00|0.00|0|49||0.00|0.00|0.00||0.00|0.0000|0.000|0.0000|0.00||0.00|0.0000|0.000|0.0000|0.00|395|
|C170|7|36863||1.0000|2|13.45|0.00|0|060|1407|106|0.00|0.00|0.00|0.00|0.00|0.00|0|49||0.00|0.00|0.00||0.00|0.0000|0.000|0.0000|0.00||0.00|0.0000|0.000|0.0000|0.00|395|
|C170|8|42192||1.0000|2|14.85|0.00|0|060|1407|106|0.00|0.00|0.00|0.00|0.00|0.00|0|49||0.00|0.00|0.00||0.00|0.0000|0.000|0.0000|0.00||0.00|0.0000|0.000|0.0000|0.00|395|
|C170|9|45575||1.0000|2|11.90|0.00|0|060|1407|106|0.00|0.00|0.00|0.00|0.00|0.00|0|49||0.00|0.00|0.00||0.00|0.0000|0.000|0.0000|0.00||0.00|0.0000|0.000|0.0000|0.00|395|
|C170|10|52944||1.0000|2|17.29|0.00|0|060|1407|106|0.00|0.00|0.00|0.00|0.00|0.00|0|49||0.00|0.00|0.00||0.00|0.0000|0.000|0.0000|0.00||0.00|0.0000|0.000|0.0000|0.00|395|
|C170|11|61705||1.0000|2|31.09|0.00|0|060|1407|106|0.00|0.00|0.00|0.00|0.00|0.00|0|49||0.00|0.00|0.00||0.00|0.0000|0.000|0.0000|0.00||0.00|0.0000|0.000|0.0000|0.00|395|
|C170|12|110239||1.0000|2|8.97|0.00|0|060|1407|106|0.00|0.00|0.00|0.00|0.00|0.00|0|49||0.00|0.00|0.00||0.00|0.0000|0.000|0.0000|0.00||0.00|0.0000|0.000|0.0000|0.00|395|
|C170|13|146266||3.0000|2|67.86|0.00|0|060|1407|106|0.00|0.00|0.00|0.00|0.00|0.00|0|49||0.00|0.00|0.00||0.00|0.0000|0.000|0.0000|0.00||0.00|0.0000|0.000|0.0000|0.00|395|
|C170|14|146993||1.0000|2|1.34|0.00|0|060|1407|106|0.00|0.00|0.00|0.00|0.00|0.00|0|49||0.00|0.00|0.00||0.00|0.0000|0.000|0.0000|0.00||0.00|0.0000|0.000|0.0000|0.00|395|
|C170|15|165639||1.0000|2|38.56|0.00|0|060|1407|106|0.00|0.00|0.00|0.00|0.00|0.00|0|49||0.00|0.00|0.00||0.00|0.0000|0.000|0.0000|0.00||0.00|0.0000|0.000|0.0000|0.00|395|
|C170|16|173617||2.0000|2|60.60|0.00|0|060|1407|106|0.00|0.00|0.00|0.00|0.00|0.00|0|49||0.00|0.00|0.00||0.00|0.0000|0.000|0.0000|0.00||0.00|0.0000|0.000|0.0000|0.00|395|
|C170|17|186296||1.0000|2|8.79|0.00|0|060|1407|106|0.00|0.00|0.00|0.00|0.00|0.00|0|49||0.00|0.00|0.00||0.00|0.0000|0.000|0.0000|0.00||0.00|0.0000|0.000|0.0000|0.00|395|
|C170|18|207126||1.0000|2|2.96|0.00|0|060|1407|106|0.00|0.00|0.00|0.00|0.00|0.00|0|49||0.00|0.00|0.00||0.00|0.0000|0.000|0.0000|0.00||0.00|0.0000|0.000|0.0000|0.00|395|
|C170|19|235994||1.0000|2|13.59|0.00|0|060|1407|106|0.00|0.00|0.00|0.00|0.00|0.00|0|49||0.00|0.00|0.00||0.00|0.0000|0.000|0.0000|0.00||0.00|0.0000|0.000|0.0000|0.00|395|
|C170|20|236018||1.0000|2|15.34|0.00|0|060|1407|106|0.00|0.00|0.00|0.00|0.00|0.00|0|49||0.00|0.00|0.00||0.00|0.0000|0.000|0.0000|0.00||0.00|0.0000|0.000|0.0000|0.00|395|
|C170|21|789735||1.0000|2|1.75|0.00|0|060|1407|106|0.00|0.00|0.00|0.00|0.00|0.00|0|49||0.00|0.00|0.00||0.00|0.0000|0.000|0.0000|0.00||0.00|0.0000|0.000|0.0000|0.00|395|
|C170|22|840546||1.0000|2|9.95|0.00|0|060|1407|106|0.00|0.00|0.00|0.00|0.00|0.00|0|49||0.00|0.00|0.00||0.00|0.0000|0.000|0.0000|0.00||0.00|0.0000|0.000|0.0000|0.00|395|
|C170|23|979240||1.0000|2|23.83|0.00|0|060|1407|106|0.00|0.00|0.00|0.00|0.00|0.00|0|49||0.00|0.00|0.00||0.00|0.0000|0.000|0.0000|0.00||0.00|0.0000|0.000|0.0000|0.00|395|
|C170|1|99999933251852||51.0000|6|810.90|0.00|0|150|1901|169|0.00|0.00|0.00|0.00|0.00|0.00|0|49||0.00|0.00|0.00||0.00|0.0000|0.000|0.0000|0.00||0.00|0.0000|0.000|0.0000|0.00||
|C170|1|TC.TA.0002||75.0000|6|176.25|0.00|0|041|1901|169|0.00|0.00|0.00|0.00|0.00|0.00|0|49||0.00|0.00|0.00||0.00|0.0000|0.000|0.0000|0.00||0.00|0.0000|0.000|0.0000|0.00||
|C170|1|CrCyEuropaL16||4.0000|9|84.00|0.00|0|000|1101|143|84.00|18.00|15.12|0.00|0.00|0.00|0|02||0.00|0.00|0.00||0.00|0.0000|0.000|0.0000|0.00||0.00|0.0000|0.000|0.0000|0.00||
|C170|2|CrPrEuropaL16||4.0000|9|76.00|0.00|0|000|1101|143|76.00|18.00|13.68|0.00|0.00|0.00|0|02||0.00|0.00|0.00||0.00|0.0000|0.000|0.0000|0.00||0.00|0.0000|0.000|0.0000|0.00||
|C170|3|SP3005080645L||50.0000|2|366.52|0.00|0|000|1101|143|366.52|18.00|65.97|0.00|0.00|0.00|0|00||366.52|15.00|54.98||0.00|0.0000|0.000|0.0000|0.00||0.00|0.0000|0.000|0.0000|0.00||
|C170|4|CrAmPoliSolCtd||4.0000|9|160.00|0.00|0|000|1101|143|160.00|18.00|28.80|0.00|0.00|0.00|0|02||0.00|0.00|0.00||0.00|0.0000|0.000|0.0000|0.00||0.00|0.0000|0.000|0.0000|0.00||
|C170|5|CrMgPoliSolCtd||4.0000|9|272.00|0.00|0|000|1101|143|272.00|18.00|48.96|0.00|0.00|0.00|0|02||0.00|0.00|0.00||0.00|0.0000|0.000|0.0000|0.00||0.00|0.0000|0.000|0.0000|0.00||
|C170|1|75||12.5000|579|2500.00|0.00|0|100|2101|143|2697.00|4.00|107.88|0.00|0.00|0.00|0|00||2697.00|15.00|404.55||0.00|0.0000|0.000|0.0000|0.00||0.00|0.0000|0.000|0.0000|0.00||
|C170|1|140||12.5000|579|1437.50|117.00|0|100|2101|143|1320.50|4.00|52.82|0.00|0.00|0.00|0|00||1320.50|15.00|198.08||0.00|0.0000|0.000|0.0000|0.00||0.00|0.0000|0.000|0.0000|0.00||
|C170|1|140||12.5000|579|1391.30|0.00|0|100|2101|143|1521.30|4.00|60.85|0.00|0.00|0.00|0|00||1521.30|15.00|228.20||0.00|0.0000|0.000|0.0000|0.00||0.00|0.0000|0.000|0.0000|0.00||
|C170|1|140||12.5000|579|1437.50|0.00|0|100|2101|143|1437.50|4.00|57.50|0.00|0.00|0.00|0|00||1437.50|15.00|215.63||0.00|0.0000|0.000|0.0000|0.00||0.00|0.0000|0.000|0.0000|0.00||
|C170|1|156611||1.0000|11|64.90|0.00|0|000|1556|108|0.00|0.00|0.00|0.00|0.00|0.00|0|49||0.00|0.00|0.00||0.00|0.0000|0.000|0.0000|0.00||0.00|0.0000|0.000|0.0000|0.00|395|
|C170|2|99999933251799||4.0000|11|12.80|0.00|0|200|1556|108|0.00|0.00|0.00|0.00|0.00|0.00|0|49||0.00|0.00|0.00||0.00|0.0000|0.000|0.0000|0.00||0.00|0.0000|0.000|0.0000|0.00|395|
|C170|1|03.07.0095||3745.0000|2|280.88|0.00|0|050|1901|169|0.00|0.00|0.00|0.00|0.00|0.00|0|49||0.00|0.00|0.00||0.00|0.0000|0.000|0.0000|0.00||0.00|0.0000|0.000|0.0000|0.00||
|C170|1|PRINT075BN0078||7.3960|5429|23593.24|0.00|0|000|2101|143|23593.24|12.00|2831.18|0.00|0.00|0.00|0|00||23593.24|5.00|1179.66||0.00|0.0000|0.000|0.0000|0.00||0.00|0.0000|0.000|0.0000|0.00||
|C170|1|THERMOFILME1LPE60||250.0000|17|1700.00|0.00|0|000|1101|143|1700.00|18.00|306.00|0.00|0.00|0.00|0|01||0.00|0.00|0.00||0.00|0.0000|0.000|0.0000|0.00||0.00|0.0000|0.000|0.0000|0.00||
|C170|1|GT8705.26||5.0000|2|823.93|0.00|0|000|1101|143|823.93|18.00|148.31|0.00|0.00|0.00|0|00||823.93|5.00|41.20||0.00|0.0000|0.000|0.0000|0.00||0.00|0.0000|0.000|0.0000|0.00||
|C170|1|TRANSFIMPDIGITAL||1.0000|5|3956.65|0.00|0|101|1101|142|3956.65|2.56|101.29|0.00|0.00|0.00|0|03||0.00|0.00|0.00||0.00|0.0000|0.000|0.0000|0.00||0.00|0.0000|0.000|0.0000|0.00||
|C170|1|99999933251793||65.0000|16|1430.00|0.00|0|400|1901|169|0.00|0.00|0.00|0.00|0.00|0.00|0|49||0.00|0.00|0.00||0.00|0.0000|0.000|0.0000|0.00||0.00|0.0000|0.000|0.0000|0.00||
|C170|1|PR000062-001||36.0000|5430|4356.00|0.00|0|300|1901|169|0.00|0.00|0.00|0.00|0.00|0.00|0|49||0.00|0.00|0.00||0.00|0.0000|0.000|0.0000|0.00||0.00|0.0000|0.000|0.0000|0.00||
|C170|1|99999933251795||33.0000|6|825.00|0.00|0|400|1901|169|0.00|0.00|0.00|0.00|0.00|0.00|0|49||0.00|0.00|0.00||0.00|0.0000|0.000|0.0000|0.00||0.00|0.0000|0.000|0.0000|0.00||
|C170|1|MR010001||1.0000|2|60.00|0.00|0|090|1922|149|0.00|0.00|0.00|0.00|0.00|0.00|0|49||0.00|0.00|0.00||0.00|0.0000|0.000|0.0000|0.00||0.00|0.0000|0.000|0.0000|0.00||
|C170|1|MR010001||1.0000|2|60.00|0.00|0|060|1117|186|0.00|0.00|0.00|0.00|0.00|0.00|0|49||0.00|0.00|0.00||0.00|0.0000|0.000|0.0000|0.00||0.00|0.0000|0.000|0.0000|0.00||
|C170|1|38KCH30C5||1.0000|2|2001.60|0.00|0|000|2551|141|0.00|0.00|0.00|0.00|0.00|0.00|0|49||0.00|0.00|0.00||0.00|0.0000|0.000|0.0000|0.00||0.00|0.0000|0.000|0.0000|0.00|104|
|C170|2|42LUCC30C5||1.0000|2|1334.40|0.00|0|000|2551|141|0.00|0.00|0.00|0.00|0.00|0.00|0|49||0.00|0.00|0.00||0.00|0.0000|0.000|0.0000|0.00||0.00|0.0000|0.000|0.0000|0.00|104|
|C170|1|SDJ1000-1000-1600||1.0000|13|3100.00|0.00|0|102|1551|140|0.00|0.00|0.00|0.00|0.00|0.00|0|49||0.00|0.00|0.00||0.00|0.0000|0.000|0.0000|0.00||0.00|0.0000|0.000|0.0000|0.00||
|C170|1|48705||1.0000|1|8.99|0.00|0|090|1407|106|0.00|0.00|0.00|0.00|0.00|0.00|0|49||0.00|0.00|0.00||0.00|0.0000|0.000|0.0000|0.00||0.00|0.0000|0.000|0.0000|0.00||
|C170|2|50695||1.0000|2|2.99|0.00|0|090|1407|106|0.00|0.00|0.00|0.00|0.00|0.00|0|49||0.00|0.00|0.00||0.00|0.0000|0.000|0.0000|0.00||0.00|0.0000|0.000|0.0000|0.00||
|C170|3|63604||1.0000|1|24.90|0.00|0|090|1407|106|0.00|0.00|0.00|0.00|0.00|0.00|0|49||0.00|0.00|0.00||0.00|0.0000|0.000|0.0000|0.00||0.00|0.0000|0.000|0.0000|0.00||
|C170|4|67581||1.0000|86|104.90|0.00|0|090|1407|106|0.00|0.00|0.00|0.00|0.00|0.00|0|49||0.00|0.00|0.00||0.00|0.0000|0.000|0.0000|0.00||0.00|0.0000|0.000|0.0000|0.00||
|C170|5|69995||5.0000|1|149.50|0.00|0|090|1407|106|0.00|0.00|0.00|0.00|0.00|0.00|0|49||0.00|0.00|0.00||0.00|0.0000|0.000|0.0000|0.00||0.00|0.0000|0.000|0.0000|0.00||
|C170|6|73370||1.0000|1|59.90|0.00|0|090|1407|106|0.00|0.00|0.00|0.00|0.00|0.00|0|49||0.00|0.00|0.00||0.00|0.0000|0.000|0.0000|0.00||0.00|0.0000|0.000|0.0000|0.00||
|C170|7|78482||1.0000|2|55.00|0.00|0|090|1407|106|0.00|0.00|0.00|0.00|0.00|0.00|0|49||0.00|0.00|0.00||0.00|0.0000|0.000|0.0000|0.00||0.00|0.0000|0.000|0.0000|0.00||
|C170|8|116811||1.0000|2|26.90|0.00|0|590|1407|106|0.00|0.00|0.00|0.00|0.00|0.00|0|49||0.00|0.00|0.00||0.00|0.0000|0.000|0.0000|0.00||0.00|0.0000|0.000|0.0000|0.00||
|C170|9|116817||1.0000|2|30.90|0.00|0|590|1407|106|0.00|0.00|0.00|0.00|0.00|0.00|0|49||0.00|0.00|0.00||0.00|0.0000|0.000|0.0000|0.00||0.00|0.0000|0.000|0.0000|0.00||
|C170|1|500||400.0000|158|1140.00|0.00|0|101|1556|109|0.00|0.00|0.00|0.00|0.00|0.00|0|49||0.00|0.00|0.00||0.00|0.0000|0.000|0.0000|0.00||0.00|0.0000|0.000|0.0000|0.00|395|
|C170|2|501||400.0000|158|640.00|0.00|0|101|1556|109|0.00|0.00|0.00|0.00|0.00|0.00|0|49||0.00|0.00|0.00||0.00|0.0000|0.000|0.0000|0.00||0.00|0.0000|0.000|0.0000|0.00|395|
|C170|1|99999933251800||200.0000|158|620.00|0.00|0|101|1556|109|0.00|0.00|0.00|0.00|0.00|0.00|0|49||0.00|0.00|0.00||0.00|0.0000|0.000|0.0000|0.00||0.00|0.0000|0.000|0.0000|0.00|395|
|C170|1|GMA-1||37.0000|158|437.34|0.00|0|100|1556|109|0.00|0.00|0.00|0.00|0.00|0.00|0|49||0.00|0.00|0.00||0.00|0.0000|0.000|0.0000|0.00||0.00|0.0000|0.000|0.0000|0.00|395|
|C170|2|MIG21-S||5.0000|158|70.75|0.00|0|000|1556|109|0.00|0.00|0.00|0.00|0.00|0.00|0|49||0.00|0.00|0.00||0.00|0.0000|0.000|0.0000|0.00||0.00|0.0000|0.000|0.0000|0.00|395|
|C170|1|0615000005||288.0000|5|486.72|0.00|0|500|1556|109|0.00|0.00|0.00|0.00|0.00|0.00|0|49||486.72|5.00|24.34||0.00|0.0000|0.000|0.0000|0.00||0.00|0.0000|0.000|0.0000|0.00|395|
|C170|1|401007012-000||20.0000|60|1000.00|0.00|0|100|1556|109|0.00|0.00|0.00|0.00|0.00|0.00|0|49||1000.00|15.00|150.00||0.00|0.0000|0.000|0.0000|0.00||0.00|0.0000|0.000|0.0000|0.00|395|
|C170|2|421050000-016||1.0000|60|250.00|0.00|0|000|1556|109|0.00|0.00|0.00|0.00|0.00|0.00|0|49||250.00|5.00|12.50||0.00|0.0000|0.000|0.0000|0.00||0.00|0.0000|0.000|0.0000|0.00|395|
|C170|1|9121382||2.0000|2|2.74|0.00|0|060|1407|106|0.00|0.00|0.00|0.00|0.00|0.00|0|49||0.00|0.00|0.00||0.00|0.0000|0.000|0.0000|0.00||0.00|0.0000|0.000|0.0000|0.00||
|C170|2|10216677||3.0000|11|7.50|0.00|0|200|1556|108|0.00|0.00|0.00|0.00|0.00|0.00|0|49||0.00|0.00|0.00||0.00|0.0000|0.000|0.0000|0.00||0.00|0.0000|0.000|0.0000|0.00|395|
|C170|3|10790144||1.0000|2|18.90|0.00|0|200|1556|108|0.00|0.00|0.00|0.00|0.00|0.00|0|49||0.00|0.00|0.00||0.00|0.0000|0.000|0.0000|0.00||0.00|0.0000|0.000|0.0000|0.00|395|
|C170|1|EBLV60022000005||40.0000|50|79.80|0.00|0|000|1556|108|0.00|0.00|0.00|0.00|0.00|0.00|0|49||0.00|0.00|0.00||0.00|0.0000|0.000|0.0000|0.00||0.00|0.0000|0.000|0.0000|0.00|395|
|C170|2|EBLV60023000007||40.0000|50|79.80|0.00|0|000|1556|108|0.00|0.00|0.00|0.00|0.00|0.00|0|49||0.00|0.00|0.00||0.00|0.0000|0.000|0.0000|0.00||0.00|0.0000|0.000|0.0000|0.00|395|
|C170|1|C10-T-PRETO||1.0000|8|285.00|14.25|0|202|1407|107|0.00|0.00|0.00|0.00|0.00|0.00|0|49||0.00|0.00|0.00||0.00|0.0000|0.000|0.0000|0.00||0.00|0.0000|0.000|0.0000|0.00||
|C170|1|00000000102033100001||1.0000|2|1225.00|0.00|0|000|2201|172|1286.25|12.00|154.35|0.00|0.00|0.00|0|00||1225.00|5.00|61.25||0.00|0.0000|0.000|0.0000|0.00||0.00|0.0000|0.000|0.0000|0.00|470|
|C170|1|BRD055300GPGC||144.0000|1|1061.28|0.00|0|400|2101|142|1061.28|12.00|127.35|0.00|0.00|0.00|0|05||0.00|0.00|0.00||0.00|0.0000|0.000|0.0000|0.00||0.00|0.0000|0.000|0.0000|0.00||
|C170|1|478||3.0000|12|81.00|0.00|0|060|1407|106|0.00|0.00|0.00|0.00|0.00|0.00|0|49||0.00|0.00|0.00||0.00|0.0000|0.000|0.0000|0.00||0.00|0.0000|0.000|0.0000|0.00||
|C170|1|8D100098||1050.0000|2|57.75|0.00|0|000|2201|172|57.75|12.00|6.94|0.00|0.00|0.00|0|01||0.00|0.00|0.00||0.00|0.0000|0.000|0.0000|0.00||0.00|0.0000|0.000|0.0000|0.00|470|
|C170|2|8D100099||5040.0000|2|277.20|0.00|0|000|2201|172|277.20|12.00|33.26|0.00|0.00|0.00|0|01||0.00|0.00|0.00||0.00|0.0000|0.000|0.0000|0.00||0.00|0.0000|0.000|0.0000|0.00|470|
|C170|3|8D100100||5040.0000|2|277.20|0.00|0|000|2201|172|277.20|12.00|33.26|0.00|0.00|0.00|0|01||0.00|0.00|0.00||0.00|0.0000|0.000|0.0000|0.00||0.00|0.0000|0.000|0.0000|0.00|470|
