|C190|020|1124|18.00|882.00|230.47|41.49|0.00|0.00|651.53|0.00||
|C190|040|1902|0.00|540.00|0.00|0.00|0.00|0.00|0.00|0.00||
|C190|020|1124|18.00|1142.00|263.47|47.42|0.00|0.00|878.53|0.00||
|C190|040|1902|0.00|720.72|0.00|0.00|0.00|0.00|0.00|0.00||
|C190|100|3101|18.00|9768.61|12860.41|2314.88|0.00|0.00|0.00|453.56||
|C190|141|3101|0.00|3091.80|0.00|0.00|0.00|0.00|0.00|0.00||
|C190|000|1901|0.00|1108.80|0.00|0.00|0.00|0.00|0.00|0.00||
|C190|000|1901|0.00|1387.80|0.00|0.00|0.00|0.00|0.00|0.00||
|C190|000|1901|0.00|396.00|0.00|0.00|0.00|0.00|0.00|0.00||
|C190|000|1901|0.00|683.10|0.00|0.00|0.00|0.00|0.00|0.00||
|C190|000|1901|0.00|1692.90|0.00|0.00|0.00|0.00|0.00|0.00||
|C190|000|1901|0.00|495.00|0.00|0.00|0.00|0.00|0.00|0.00||
|C190|000|1901|0.00|910.80|0.00|0.00|0.00|0.00|0.00|0.00||
|C190|000|1901|0.00|9798.80|0.00|0.00|0.00|0.00|0.00|0.00||
|C190|000|1901|0.00|1777.60|0.00|0.00|0.00|0.00|0.00|0.00||
|C190|000|1901|0.00|793.80|0.00|0.00|0.00|0.00|0.00|0.00||
|C190|060|1407|0.00|718.73|0.00|0.00|0.00|0.00|0.00|0.00||
|C190|060|1407|0.00|1023.10|0.00|0.00|0.00|0.00|0.00|0.00||
|C190|060|1407|0.00|630.56|0.00|0.00|0.00|0.00|0.00|0.00||
|C190|060|1407|0.00|370.40|0.00|0.00|0.00|0.00|0.00|0.00||
|C190|060|1407|0.00|288.88|0.00|0.00|0.00|0.00|0.00|0.00||
|C190|041|1908|0.00|825.10|0.00|0.00|0.00|0.00|0.00|0.00||
|C190|041|1908|0.00|15.79|0.00|0.00|0.00|0.00|0.00|0.00||
|C190|040|1901|0.00|21718.20|0.00|0.00|0.00|0.00|0.00|0.00||
|C190|140|1901|0.00|465.50|0.00|0.00|0.00|0.00|0.00|0.00||
|C190|000|1101|18.00|1538.00|1538.00|276.84|0.00|0.00|0.00|0.00||
|C190|101|1101|2.87|818.64|818.64|23.49|0.00|0.00|0.00|0.00||
|C190|101|1101|2.87|6404.86|6404.86|183.82|0.00|0.00|0.00|0.00||
|C190|101|1101|2.87|6616.36|6616.36|189.89|0.00|0.00|0.00|0.00||
|C190|101|1101|2.87|7075.00|7075.00|203.06|0.00|0.00|0.00|0.00||
|C190|202|1556|0.00|75.00|0.00|0.00|0.00|0.00|0.00|0.00||
|C190|500|1407|0.00|156.00|0.00|0.00|0.00|0.00|0.00|0.00||
|C190|040|1901|0.00|847.45|0.00|0.00|0.00|0.00|0.00|0.00||
|C190|000|1901|0.00|4195.20|0.00|0.00|0.00|0.00|0.00|0.00||
|C190|000|1901|0.00|957.60|0.00|0.00|0.00|0.00|0.00|0.00||
|C190|101|1901|0.00|4335.00|0.00|0.00|0.00|0.00|0.00|0.00||
|C190|400|1901|0.00|2188.90|0.00|0.00|0.00|0.00|0.00|0.00||
|C190|090|1924|0.00|1867.50|0.00|0.00|0.00|0.00|0.00|0.00||
|C190|060|1401|0.00|1064.00|0.00|0.00|0.00|0.00|0.00|0.00||
|C190|000|1101|18.00|1867.50|1867.50|336.15|0.00|0.00|0.00|0.00||
|C190|100|1101|18.00|922.61|922.61|166.07|0.00|0.00|0.00|19.09||
|C190|100|1101|18.00|1710.28|1710.28|307.85|0.00|0.00|0.00|223.08||
|C190|600|1101|18.00|378.08|378.08|68.05|0.00|0.00|0.00|0.00||
|C190|090|1916|0.00|360.00|0.00|0.00|0.00|0.00|0.00|0.00||
|C190|600|1101|18.00|567.12|567.12|102.08|0.00|0.00|0.00|0.00||
|C190|000|1101|25.00|470.42|470.42|117.61|0.00|0.00|0.00|42.77||
|C190|000|1101|18.00|458.28|458.28|82.49|0.00|0.00|0.00|0.00||
|C190|000|1101|25.00|521.01|521.01|130.26|0.00|0.00|0.00|47.37||
|C190|000|1933|0.00|1166.34|0.00|0.00|0.00|0.00|0.00|0.00||
|C190|000|1101|18.00|1863.00|1620.00|291.60|0.00|0.00|0.00|243.00||
|C190|000|1101|18.00|42.00|40.00|7.20|0.00|0.00|0.00|2.00||
|C190|200|1101|18.00|821.20|821.20|147.82|0.00|0.00|0.00|0.00||
|C190|200|1101|18.00|410.60|410.60|73.91|0.00|0.00|0.00|0.00||
|C190|100|2101|4.00|5500.00|5500.00|220.00|0.00|0.00|0.00|0.00||
|C190|100|2101|4.00|5500.00|5500.00|220.00|0.00|0.00|0.00|0.00||
|C190|100|2101|4.00|1550.00|1550.00|62.00|0.00|0.00|0.00|0.00||
|C190|100|2101|4.00|1450.00|1450.00|58.00|0.00|0.00|0.00|0.00||
|C190|100|2101|4.00|5500.00|5500.00|220.00|0.00|0.00|0.00|0.00||
|C190|100|2101|4.00|6050.00|6050.00|242.00|0.00|0.00|0.00|0.00||
|C190|100|2101|4.00|5500.00|5500.00|220.00|0.00|0.00|0.00|0.00||
|C190|900|1124|0.00|506.88|0.00|0.00|0.00|0.00|0.00|0.00||
|C190|900|1902|0.00|320.00|0.00|0.00|0.00|0.00|0.00|0.00||
|C190|102|1556|0.00|90.95|0.00|0.00|0.00|0.00|0.00|0.00||
|C190|102|1556|0.00|102.34|0.00|0.00|0.00|0.00|0.00|0.00||
|C190|102|1556|0.00|104.08|0.00|0.00|0.00|0.00|0.00|0.00||
|C190|102|1556|0.00|137.91|0.00|0.00|0.00|0.00|0.00|0.00||
|C190|000|1556|0.00|627.44|0.00|0.00|0.00|0.00|0.00|0.00||
|C190|060|1653|0.00|905.67|0.00|0.00|0.00|0.00|0.00|0.00||
|C190|060|1653|0.00|1159.20|0.00|0.00|0.00|0.00|0.00|0.00||
|C190|000|1556|0.00|120.00|0.00|0.00|0.00|0.00|0.00|0.00||
|C190|000|1556|0.00|330.00|0.00|0.00|0.00|0.00|0.00|0.00||
|C190|101|1556|0.00|782.00|0.00|0.00|0.00|0.00|0.00|0.00||
|C190|200|1101|18.00|2050.00|2050.00|369.00|0.00|0.00|0.00|0.00||
|C190|260|1401|0.00|2962.50|0.00|0.00|0.00|0.00|0.00|0.00||
|C190|200|1101|18.00|2665.00|2665.00|479.70|0.00|0.00|0.00|0.00||
|C190|200|1101|18.00|1640.00|1640.00|295.20|0.00|0.00|0.00|0.00||
|C190|200|1101|18.00|3690.00|3690.00|664.20|0.00|0.00|0.00|0.00||
|C190|200|1101|18.00|2870.00|2870.00|516.60|0.00|0.00|0.00|0.00||
|C190|260|1401|0.00|987.50|0.00|0.00|0.00|0.00|0.00|0.00||
|C190|200|1101|18.00|3690.00|3690.00|664.20|0.00|0.00|0.00|0.00||
|C190|200|1101|18.00|410.00|410.00|73.80|0.00|0.00|0.00|0.00||
|C190|200|1101|18.00|1230.00|1230.00|221.40|0.00|0.00|0.00|0.00||
|C190|200|1101|18.00|248.00|248.00|44.64|0.00|0.00|0.00|0.00||
|C190|060|1407|0.00|270.72|0.00|0.00|0.00|0.00|0.00|0.00||
|C190|060|1407|0.00|165.22|0.00|0.00|0.00|0.00|0.00|0.00||
|C190|041|1901|0.00|500.00|0.00|0.00|0.00|0.00|0.00|0.00||
|C190|102|1556|0.00|945.00|0.00|0.00|0.00|0.00|0.00|0.00||
|C190|100|1101|18.00|4141.88|3771.75|678.92|0.00|0.00|0.00|370.13||
|C190|102|1101|0.00|1630.00|0.00|0.00|0.00|0.00|0.00|0.00||
|C190|102|1101|0.00|1680.00|0.00|0.00|0.00|0.00|0.00|0.00||
|C190|101|1101|2.87|773.94|773.94|22.21|0.00|0.00|0.00|0.00||
|C190|000|1101|18.00|7222.38|7222.38|1300.03|0.00|0.00|0.00|0.00||
|C190|101|1556|0.00|300.87|0.00|0.00|0.00|0.00|0.00|0.00||
|C190|000|1101|18.00|80.01|70.88|12.76|0.00|0.00|0.00|9.13||
|C190|010|1401|0.00|401.99|0.00|0.00|0.00|0.00|0.00|0.00||
|C190|000|1101|18.00|9410.98|9410.98|1693.97|0.00|0.00|0.00|0.00||
|C190|050|1924|0.00|4132.28|0.00|0.00|0.00|0.00|0.00|0.00||
|C190|050|1924|0.00|2046.80|0.00|0.00|0.00|0.00|0.00|0.00||
|C190|550|2916|0.00|6000.00|0.00|0.00|0.00|0.00|0.00|0.00||
|C190|000|2556|0.00|196.49|0.00|0.00|0.00|0.00|0.00|0.00||
|C190|100|2556|0.00|34.65|0.00|0.00|0.00|0.00|0.00|0.00||
|C190|400|2551|0.00|95500.00|0.00|0.00|0.00|0.00|0.00|0.00||
|C190|400|1901|0.00|203.00|0.00|0.00|0.00|0.00|0.00|0.00||
|C190|400|1901|0.00|690.00|0.00|0.00|0.00|0.00|0.00|0.00||
|C190|000|1901|0.00|75.00|0.00|0.00|0.00|0.00|0.00|0.00||
|C190|000|1901|0.00|370.00|0.00|0.00|0.00|0.00|0.00|0.00||
|C190|000|1949|18.00|118.25|118.25|21.29|0.00|0.00|0.00|0.00||
|C190|020|1949|12.00|191.35|111.62|13.39|0.00|0.00|79.73|0.00||
|C190|020|1949|18.00|1124.88|437.46|78.74|0.00|0.00|687.42|0.00||
|C190|040|1949|0.00|52.03|0.00|0.00|0.00|0.00|0.00|0.00||
|C190|060|1949|0.00|856.99|0.00|0.00|0.00|0.00|0.00|0.00||
|C190|020|1101|18.00|895.00|348.07|62.65|0.00|0.00|546.93|0.00||
|C190|020|1101|18.00|2448.00|952.03|171.37|0.00|0.00|1495.97|0.00||
|C190|520|1101|18.00|2400.00|933.36|168.00|0.00|0.00|1466.64|0.00||
|C190|000|2202|7.00|1856.16|1856.16|129.93|0.00|0.00|0.00|0.00||
|C190|101|1101|3.88|700.00|700.00|27.16|0.00|0.00|0.00|0.00||
|C190|101|1101|3.88|700.00|700.00|27.16|0.00|0.00|0.00|0.00||
|C190|101|1101|3.88|525.00|525.00|20.37|0.00|0.00|0.00|0.00||
|C190|101|1101|3.88|812.50|812.50|31.53|0.00|0.00|0.00|0.00||
|C190|101|1101|3.88|525.00|525.00|20.37|0.00|0.00|0.00|0.00||
|C190|400|1124|0.00|79.36|0.00|0.00|0.00|0.00|0.00|0.00||
|C190|101|1901|0.00|1062.78|0.00|0.00|0.00|0.00|0.00|0.00||
|C190|000|1556|0.00|1.46|0.00|0.00|0.00|0.00|0.00|0.00||
|C190|040|1556|0.00|6.43|0.00|0.00|0.00|0.00|0.00|0.00||
|C190|060|1407|0.00|427.82|0.00|0.00|0.00|0.00|0.00|0.00||
|C190|150|1901|0.00|810.90|0.00|0.00|0.00|0.00|0.00|0.00||
|C190|041|1901|0.00|176.25|0.00|0.00|0.00|0.00|0.00|0.00||
|C190|000|1101|18.00|1013.50|958.52|172.53|0.00|0.00|0.00|54.98||
|C190|100|2101|4.00|3101.55|2697.00|107.88|0.00|0.00|0.00|404.55||
|C190|100|2101|4.00|1518.58|1320.50|52.82|0.00|0.00|0.00|198.08||
|C190|100|2101|4.00|1749.50|1521.30|60.85|0.00|0.00|0.00|228.20||
|C190|100|2101|4.00|1653.13|1437.50|57.50|0.00|0.00|0.00|215.63||
|C190|000|1556|0.00|72.87|0.00|0.00|0.00|0.00|0.00|0.00||
|C190|200|1556|0.00|13.19|0.00|0.00|0.00|0.00|0.00|0.00||
|C190|050|1901|0.00|280.88|0.00|0.00|0.00|0.00|0.00|0.00||
|C190|000|2101|12.00|24772.90|23593.24|2831.18|0.00|0.00|0.00|1179.66||
|C190|000|1101|18.00|1700.00|1700.00|306.00|0.00|0.00|0.00|0.00||
|C190|000|1101|18.00|865.13|823.93|148.31|0.00|0.00|0.00|41.20||
|C190|101|1101|2.56|3956.65|3956.65|101.29|0.00|0.00|0.00|0.00||
|C190|400|1901|0.00|1430.00|0.00|0.00|0.00|0.00|0.00|0.00||
|C190|300|1901|0.00|4356.00|0.00|0.00|0.00|0.00|0.00|0.00||
|C190|400|1901|0.00|825.00|0.00|0.00|0.00|0.00|0.00|0.00||
|C190|090|1922|0.00|60.00|0.00|0.00|0.00|0.00|0.00|0.00||
|C190|060|1117|0.00|60.00|0.00|0.00|0.00|0.00|0.00|0.00||
|C190|000|2551|0.00|3336.00|0.00|0.00|0.00|0.00|0.00|0.00||
|C190|102|1551|0.00|3100.00|0.00|0.00|0.00|0.00|0.00|0.00||
|C190|090|1407|0.00|406.18|0.00|0.00|0.00|0.00|0.00|0.00||
|C190|590|1407|0.00|57.80|0.00|0.00|0.00|0.00|0.00|0.00||
|C190|101|1556|0.00|1780.00|0.00|0.00|0.00|0.00|0.00|0.00||
|C190|101|1556|0.00|620.00|0.00|0.00|0.00|0.00|0.00|0.00||
|C190|000|1556|0.00|70.75|0.00|0.00|0.00|0.00|0.00|0.00||
|C190|100|1556|0.00|437.34|0.00|0.00|0.00|0.00|0.00|0.00||
|C190|500|1556|0.00|511.06|0.00|0.00|0.00|0.00|0.00|0.00||
|C190|000|1556|0.00|262.50|0.00|0.00|0.00|0.00|0.00|0.00||
|C190|100|1556|0.00|1150.00|0.00|0.00|0.00|0.00|0.00|0.00||
|C190|060|1407|0.00|3.19|0.00|0.00|0.00|0.00|0.00|0.00||
|C190|200|1556|0.00|30.77|0.00|0.00|0.00|0.00|0.00|0.00||
|C190|000|1556|0.00|159.60|0.00|0.00|0.00|0.00|0.00|0.00||
|C190|202|1407|0.00|270.75|0.00|0.00|0.00|0.00|0.00|0.00||
|C190|000|2201|12.00|1286.25|1286.25|154.35|0.00|0.00|0.00|61.25||
|C190|400|2101|12.00|1061.28|1061.28|127.35|0.00|0.00|0.00|0.00||
|C190|060|1407|0.00|81.00|0.00|0.00|0.00|0.00|0.00|0.00||
|C190|000|2201|12.00|612.15|612.15|73.46|0.00|0.00|0.00|0.00||
|C190|000|5101|18.00|1254.00|1254.00|225.72|0.00|0.00|0.00|0.00||
|C190|000|5101|18.00|246.40|246.40|44.36|0.00|0.00|0.00|0.00||
|C190|000|5101|18.00|905.50|905.50|162.99|0.00|0.00|0.00|0.00||
|C190|000|5101|18.00|1385.12|1385.12|249.32|0.00|0.00|0.00|0.00||
|C190|000|6101|7.00|191.40|191.40|13.40|0.00|0.00|0.00|0.00||
|C190|000|6101|7.00|3491.60|3491.60|244.40|0.00|0.00|0.00|0.00||
|C190|000|6101|7.00|647.80|647.80|45.35|0.00|0.00|0.00|0.00||
|C190|000|6101|7.00|1205.30|1205.30|84.37|0.00|0.00|0.00|0.00||
|C190|020|5124|18.00|359.00|39.72|7.15|0.00|0.00|319.28|0.00||
|C190|040|5902|0.00|63.00|0.00|0.00|0.00|0.00|0.00|0.00||
|C190|020|5124|18.00|3642.84|866.17|155.91|0.00|0.00|2776.67|0.00||
|C190|040|5902|0.00|1572.50|0.00|0.00|0.00|0.00|0.00|0.00||
|C190|020|5124|18.00|1082.16|269.16|48.45|0.00|0.00|813.00|0.00||
|C190|040|5902|0.00|370.00|0.00|0.00|0.00|0.00|0.00|0.00||
|C190|020|5124|18.00|1430.80|359.93|64.79|0.00|0.00|1070.87|0.00||
|C190|040|5902|0.00|1035.00|0.00|0.00|0.00|0.00|0.00|0.00||
|C190|020|5124|18.00|81.76|16.36|2.96|0.00|0.00|65.40|0.00||
|C190|040|5902|0.00|150.00|0.00|0.00|0.00|0.00|0.00|0.00||
|C190|020|5124|18.00|1390.48|982.56|176.87|0.00|0.00|407.92|0.00||
|C190|040|5902|0.00|2148.00|0.00|0.00|0.00|0.00|0.00|0.00||
|C190|020|5124|18.00|817.60|205.45|36.98|0.00|0.00|612.15|0.00||
|C190|040|5902|0.00|1050.00|0.00|0.00|0.00|0.00|0.00|0.00||
|C190|020|5124|18.00|492.80|341.95|61.55|0.00|0.00|150.85|0.00||
|C190|040|5902|0.00|731.00|0.00|0.00|0.00|0.00|0.00|0.00||
|C190|000|6101|12.00|1715.00|1715.00|205.80|0.00|0.00|0.00|0.00||
|C190|000|6101|12.00|3195.50|3195.50|383.46|0.00|0.00|0.00|0.00||
|C190|000|6101|12.00|831.60|831.60|99.80|0.00|0.00|0.00|0.00||
|C190|000|5101|18.00|94.19|94.19|16.95|0.00|0.00|0.00|0.00||
|C190|020|5124|18.00|1038.96|208.34|37.50|0.00|0.00|830.62|0.00||
|C190|041|5902|0.00|176.25|0.00|0.00|0.00|0.00|0.00|0.00||
|C190|000|5101|18.00|6657.00|6657.00|1198.26|0.00|0.00|0.00|0.00||
|C190|000|5101|18.00|1889.24|1889.25|340.05|0.00|0.00|0.00|0.00||
|C190|000|5101|18.00|285.00|285.00|51.30|0.00|0.00|0.00|0.00||
|C190|000|5101|18.00|2844.20|2844.20|511.96|0.00|0.00|0.00|0.00||
|C190|000|5101|18.00|9516.00|9516.00|1712.88|0.00|0.00|0.00|0.00||
|C190|000|5101|18.00|8059.80|8059.80|1450.75|0.00|0.00|0.00|0.00||
|C190|000|5101|18.00|5375.40|5375.40|967.57|0.00|0.00|0.00|0.00||
|C190|050|5902|0.00|280.88|0.00|0.00|0.00|0.00|0.00|0.00||
|C190|000|5101|18.00|189.00|189.00|34.02|0.00|0.00|0.00|0.00||
|C190|000|5101|18.00|5184.00|5184.00|933.12|0.00|0.00|0.00|0.00||
|C190|000|5101|18.00|1781.55|1781.55|320.71|0.00|0.00|0.00|0.00||
|C190|000|5101|18.00|8796.75|8796.75|1583.42|0.00|0.00|0.00|0.00||
|C190|020|5949|18.00|2343.50|667.34|120.12|0.00|0.00|1676.16|0.00||
|C190|000|5101|18.00|3227.31|3227.31|580.91|0.00|0.00|0.00|0.00||
|C190|000|5101|18.00|1925.28|1925.28|346.55|0.00|0.00|0.00|0.00||
|C190|000|5101|18.00|4044.28|4044.28|727.97|0.00|0.00|0.00|0.00||
|C190|020|5124|18.00|722.70|141.11|25.40|0.00|0.00|581.59|0.00||
|C190|040|5902|0.00|1108.80|0.00|0.00|0.00|0.00|0.00|0.00||
|C190|020|5124|18.00|830.16|154.27|27.77|0.00|0.00|675.89|0.00||
|C190|040|5902|0.00|1316.70|0.00|0.00|0.00|0.00|0.00|0.00||
|C190|020|5124|18.00|475.92|94.56|17.02|0.00|0.00|381.36|0.00||
|C190|040|5902|0.00|796.40|0.00|0.00|0.00|0.00|0.00|0.00||
|C190|020|5124|18.00|2496.60|487.24|87.70|0.00|0.00|2009.36|0.00||
|C190|040|5902|0.00|3618.45|0.00|0.00|0.00|0.00|0.00|0.00||
|C190|020|5124|18.00|1644.15|609.97|109.80|0.00|0.00|1034.18|0.00||
|C190|040|5902|0.00|2527.80|0.00|0.00|0.00|0.00|0.00|0.00||
|C190|020|5124|18.00|745.92|223.00|40.14|0.00|0.00|522.92|0.00||
|C190|040|5902|0.00|793.80|0.00|0.00|0.00|0.00|0.00|0.00||
|C190|020|5124|18.00|1283.58|254.20|45.76|0.00|0.00|1029.38|0.00||
|C190|040|5902|0.00|2073.50|0.00|0.00|0.00|0.00|0.00|0.00||
|C190|020|5124|18.00|310.00|112.94|20.34|0.00|0.00|197.06|0.00||
|C190|020|5124|18.00|1095.00|443.51|79.83|0.00|0.00|651.49|0.00||
|C190|020|5124|18.00|610.00|249.42|44.90|0.00|0.00|360.58|0.00||
|C190|040|5902|0.00|1881.60|0.00|0.00|0.00|0.00|0.00|0.00||
|C190|040|5902|0.00|2330.00|0.00|0.00|0.00|0.00|0.00|0.00||
|C190|040|5902|0.00|1222.50|0.00|0.00|0.00|0.00|0.00|0.00||
|C190|040|5903|0.00|4320.00|0.00|0.00|0.00|0.00|0.00|0.00||
|C190|040|5911|0.00|1680.00|0.00|0.00|0.00|0.00|0.00|0.00||
|C190|050|5902|0.00|960.36|0.00|0.00|0.00|0.00|0.00|0.00||
|C190|020|5124|18.00|1240.00|506.88|91.28|0.00|0.00|733.12|0.00||
|C190|020|5124|18.00|2200.40|877.52|157.95|0.00|0.00|1322.88|0.00||
|C190|040|5902|0.00|1260.25|0.00|0.00|0.00|0.00|0.00|0.00||
|C190|040|5902|0.00|480.00|0.00|0.00|0.00|0.00|0.00|0.00||
|C190|020|5124|18.00|1475.00|508.26|91.45|0.00|0.00|966.74|0.00||
|C190|020|5124|18.00|3422.40|1437.43|258.76|0.00|0.00|1984.97|0.00||
|C190|000|5101|18.00|495.00|495.00|89.10|0.00|0.00|0.00|0.00||
|C190|000|6101|12.00|8850.93|8850.93|1062.10|0.00|0.00|0.00|0.00||
|C190|000|6101|12.00|1076.63|1076.63|129.20|0.00|0.00|0.00|0.00||
|C190|000|5101|18.00|3996.73|3996.73|719.42|0.00|0.00|0.00|0.00||
|C190|000|5101|18.00|3508.60|3508.60|631.55|0.00|0.00|0.00|0.00||
|C190|000|5101|18.00|6561.80|6561.80|1181.12|0.00|0.00|0.00|0.00||
|C190|000|5101|18.00|663.00|663.00|119.34|0.00|0.00|0.00|0.00||
|C190|000|5101|18.00|60.00|60.00|10.80|0.00|0.00|0.00|0.00||
|C190|000|5101|18.00|2800.00|2800.00|504.00|0.00|0.00|0.00|0.00||
|C190|000|5101|18.00|1600.00|1600.00|288.00|0.00|0.00|0.00|0.00||
|C190|020|5124|18.00|499.32|98.36|17.70|0.00|0.00|400.96|0.00||
|C190|040|5902|0.00|3299.10|0.00|0.00|0.00|0.00|0.00|0.00||
|C190|020|5124|18.00|284.04|57.45|10.34|0.00|0.00|226.59|0.00||
|C190|040|5902|0.00|2188.90|0.00|0.00|0.00|0.00|0.00|0.00||
|C190|020|5124|18.00|5054.50|1327.20|238.94|0.00|0.00|3727.30|0.00||
|C190|040|5902|0.00|2831.50|0.00|0.00|0.00|0.00|0.00|0.00||
|C190|020|5124|18.00|1870.00|512.06|92.17|0.00|0.00|1357.94|0.00||
|C190|040|5902|0.00|1053.50|0.00|0.00|0.00|0.00|0.00|0.00||
|C190|020|5124|18.00|608.48|158.44|28.52|0.00|0.00|450.04|0.00||
|C190|040|5902|0.00|336.00|0.00|0.00|0.00|0.00|0.00|0.00||
|C190|020|5124|18.00|4389.00|1202.52|216.48|0.00|0.00|3186.48|0.00||
|C190|040|5902|0.00|2474.50|0.00|0.00|0.00|0.00|0.00|0.00||
|C190|020|5124|18.00|2417.76|556.60|100.19|0.00|0.00|1861.16|0.00||
|C190|040|5902|0.00|3205.50|0.00|0.00|0.00|0.00|0.00|0.00||
|C190|000|6101|12.00|3833.79|3833.79|460.05|0.00|0.00|0.00|0.00||
|C190|000|5101|18.00|2700.00|2700.00|486.00|0.00|0.00|0.00|0.00||
|C190|000|5101|18.00|2404.80|2404.80|432.87|0.00|0.00|0.00|0.00||
|C190|000|5101|18.00|16747.50|16747.50|3014.55|0.00|0.00|0.00|0.00||
|C190|000|5101|18.00|104.00|104.00|18.72|0.00|0.00|0.00|0.00||
|C190|040|5912|0.00|9500.00|0.00|0.00|0.00|0.00|0.00|0.00||
|C190|000|5101|18.00|3946.80|3946.80|710.42|0.00|0.00|0.00|0.00||
|C190|000|5101|18.00|97.50|97.50|17.55|0.00|0.00|0.00|0.00||
|C190|000|5101|18.00|2847.20|2847.20|512.50|0.00|0.00|0.00|0.00||
|C190|040|5949|0.00|3500.00|0.00|0.00|0.00|0.00|0.00|0.00||
|C190|000|5101|18.00|6330.00|6330.00|1139.42|0.00|0.00|0.00|0.00||
|C190|000|5101|18.00|500.50|500.50|90.09|0.00|0.00|0.00|0.00||
|C190|000|6101|7.00|1108.80|1108.80|77.61|0.00|0.00|0.00|0.00||
|C190|000|6101|7.00|1221.36|1221.36|85.50|0.00|0.00|0.00|0.00||
|C190|000|6101|7.00|642.60|642.60|44.97|0.00|0.00|0.00|0.00||
|C190|000|6101|7.00|7312.83|7312.83|511.89|0.00|0.00|0.00|0.00||
|C190|000|6101|7.00|1902.60|1902.60|133.17|0.00|0.00|0.00|0.00||
|C190|000|5101|18.00|3300.00|3300.00|594.00|0.00|0.00|0.00|0.00||
|C190|000|5101|18.00|3623.60|3623.60|652.24|0.00|0.00|0.00|0.00||
|C190|000|6101|7.00|6519.98|6519.98|456.41|0.00|0.00|0.00|0.00||
|C190|000|6101|7.00|1633.50|1633.50|114.36|0.00|0.00|0.00|0.00||
|C190|000|6101|7.00|931.43|931.43|65.20|0.00|0.00|0.00|0.00||
|C190|000|6101|7.00|1210.00|1210.00|84.70|0.00|0.00|0.00|0.00||
|C190|000|6101|7.00|4200.90|4200.90|294.07|0.00|0.00|0.00|0.00||
|C190|000|6101|7.00|4277.36|4277.36|299.44|0.00|0.00|0.00|0.00||
|C190|000|6101|7.00|544.50|544.50|38.12|0.00|0.00|0.00|0.00||
|C190|000|6101|7.00|3569.50|3569.50|249.89|0.00|0.00|0.00|0.00||
|C190|000|6101|7.00|1811.70|1811.70|126.82|0.00|0.00|0.00|0.00||
|C190|000|5101|18.00|460.00|460.00|82.80|0.00|0.00|0.00|0.00||
|C190|000|6101|7.00|3252.30|3252.32|227.68|0.00|0.00|0.00|0.00||
|C190|040|5915|0.00|240.00|0.00|0.00|0.00|0.00|0.00|0.00||
|C190|000|5101|18.00|147.60|147.60|26.56|0.00|0.00|0.00|0.00||
|C190|020|5124|18.00|560.00|141.36|25.44|0.00|0.00|418.64|0.00||
|C190|040|5902|0.00|870.00|0.00|0.00|0.00|0.00|0.00|0.00||
|C190|020|5124|18.00|250.00|63.19|11.37|0.00|0.00|186.81|0.00||
|C190|040|5902|0.00|391.50|0.00|0.00|0.00|0.00|0.00|0.00||
|C190|040|5901|0.00|320.00|0.00|0.00|0.00|0.00|0.00|0.00||
|C190|040|5901|0.00|560.00|0.00|0.00|0.00|0.00|0.00|0.00||
|C190|000|5101|0.00|0.00|0.00|88.00|0.00|0.00|0.00|0.00||
|C190|000|5101|7.00|800.00|800.00|56.00|0.00|0.00|0.00|0.00||
|C190|000|6101|7.00|2772.00|2772.00|194.04|0.00|0.00|0.00|0.00||
|C190|000|6101|7.00|1333.20|1333.20|93.32|0.00|0.00|0.00|0.00||
|C190|000|5101|18.00|1329.30|1329.30|239.27|0.00|0.00|0.00|0.00||
|C190|000|5101|18.00|2251.80|2251.80|405.31|0.00|0.00|0.00|0.00||
|C190|000|5101|18.00|2520.00|2520.00|453.60|0.00|0.00|0.00|0.00||
|C190|000|5101|18.00|2610.00|2610.00|469.80|0.00|0.00|0.00|0.00||
|C190|000|6101|12.00|831.10|831.10|99.73|0.00|0.00|0.00|0.00||
|C190|000|6101|12.00|600.00|600.00|72.00|0.00|0.00|0.00|0.00||
|C190|000|6101|12.00|996.61|996.61|119.59|0.00|0.00|0.00|0.00||
|C190|000|6101|12.00|2770.20|2770.20|332.43|0.00|0.00|0.00|0.00||
|C190|000|6101|12.00|3486.51|3486.51|418.38|0.00|0.00|0.00|0.00||
|C190|000|6101|12.00|730.35|730.35|87.64|0.00|0.00|0.00|0.00||
|C190|020|5124|18.00|823.20|207.41|37.34|0.00|0.00|615.79|0.00||
|C190|040|5902|0.00|1264.00|0.00|0.00|0.00|0.00|0.00|0.00||
|C190|000|6101|7.00|302.18|302.18|21.16|0.00|0.00|0.00|0.00||
|C190|000|5101|18.00|3686.40|3686.40|663.55|0.00|0.00|0.00|0.00||
|C190|000|5101|18.00|792.00|792.00|142.56|0.00|0.00|0.00|0.00||
|C190|020|5124|18.00|474.12|106.34|19.14|0.00|0.00|367.78|0.00||
|C190|040|5902|0.00|396.00|0.00|0.00|0.00|0.00|0.00|0.00||
|C190|000|6101|12.00|531.10|531.10|63.73|0.00|0.00|0.00|0.00||
|C190|000|5101|18.00|1215.00|1215.00|218.70|0.00|0.00|0.00|0.00||
|C190|000|5101|18.00|3450.00|3450.00|621.00|0.00|0.00|0.00|0.00||
|C190|000|5101|18.00|400.00|400.00|72.00|0.00|0.00|0.00|0.00||
|C190|000|5101|18.00|1280.00|1280.00|230.40|0.00|0.00|0.00|0.00||
|C190|000|6101|7.00|5506.20|5506.20|385.43|0.00|0.00|0.00|0.00||
|C190|000|5101|18.00|602.25|602.25|108.40|0.00|0.00|0.00|0.00||
|C190|000|5101|18.00|3816.00|3816.00|686.88|0.00|0.00|0.00|0.00||
|C190|000|5101|18.00|1542.40|1542.40|277.63|0.00|0.00|0.00|0.00||
|C190|000|5101|18.00|2457.60|2457.60|442.37|0.00|0.00|0.00|0.00||
|C190|020|5124|18.00|363.51|78.59|14.15|0.00|0.00|284.92|0.00||
|C190|040|5902|0.00|825.00|0.00|0.00|0.00|0.00|0.00|0.00||
|C190|000|6101|12.00|1762.50|1762.50|211.50|0.00|0.00|0.00|0.00||
|C190|000|5101|18.00|1078.50|1078.50|194.13|0.00|0.00|0.00|0.00||
|C190|000|5101|18.00|171.36|171.36|30.85|0.00|0.00|0.00|0.00||
|C190|000|5101|18.00|229.50|229.50|41.31|0.00|0.00|0.00|0.00||
|C190|000|5101|18.00|462.47|462.47|83.25|0.00|0.00|0.00|0.00||
|C190|000|6101|7.00|1188.00|1188.00|83.16|0.00|0.00|0.00|0.00||
|C190|000|6102|7.00|354.90|354.90|24.84|0.00|0.00|0.00|0.00||
|C190|000|6101|7.00|6810.00|6810.00|476.70|0.00|0.00|0.00|0.00||
|C190|000|5101|18.00|855.00|855.00|153.90|0.00|0.00|0.00|0.00||
|C190|000|5101|18.00|1139.60|1139.60|205.15|0.00|0.00|0.00|0.00||
|C190|000|5101|18.00|1572.20|1572.20|282.98|0.00|0.00|0.00|0.00||
|C190|000|5101|18.00|324.00|324.00|58.32|0.00|0.00|0.00|0.00||
|C190|000|5101|18.00|6486.30|6486.30|1167.54|0.00|0.00|0.00|0.00||
|C190|000|5101|18.00|2253.60|2253.60|405.64|0.00|0.00|0.00|0.00||
|C190|000|5101|18.00|860.40|860.40|154.88|0.00|0.00|0.00|0.00||
|C190|000|5101|18.00|4250.40|4250.40|765.06|0.00|0.00|0.00|0.00||
|C190|000|5101|18.00|495.00|495.00|89.10|0.00|0.00|0.00|0.00||
|C190|000|5101|18.00|1972.63|1972.63|355.07|0.00|0.00|0.00|0.00||
|C190|000|5101|18.00|3427.60|3427.60|616.97|0.00|0.00|0.00|0.00||
|C190|000|5101|18.00|605.00|605.00|108.90|0.00|0.00|0.00|0.00||
|C190|000|5101|18.00|1100.00|1100.00|198.00|0.00|0.00|0.00|0.00||
|C190|000|5101|18.00|2191.20|2191.20|394.42|0.00|0.00|0.00|0.00||
|C190|000|5101|18.00|1689.60|1689.60|304.13|0.00|0.00|0.00|0.00||
|C190|000|5101|18.00|4935.00|4935.00|888.30|0.00|0.00|0.00|0.00||
|C190|000|6101|12.00|4033.20|4033.20|483.99|0.00|0.00|0.00|0.00||
|C190|000|6101|7.00|2129.00|2129.00|149.03|0.00|0.00|0.00|0.00||
|C190|000|6101|12.00|317.56|317.55|38.10|0.00|0.00|0.00|0.00||
|C190|000|5101|18.00|444.80|444.80|80.06|0.00|0.00|0.00|0.00||
|C190|000|6101|12.00|1994.40|1994.40|239.33|0.00|0.00|0.00|0.00||
|C190|000|5101|18.00|3522.75|3355.00|603.90|0.00|0.00|0.00|167.75||
|C190|000|5102|18.00|3506.00|3506.00|631.08|0.00|0.00|0.00|0.00||
|C190|050|6501|0.00|3919.00|0.00|0.00|0.00|0.00|0.00|0.00||
|C190|000|5101|18.00|4084.30|4084.30|735.17|0.00|0.00|0.00|0.00||
|C190|000|5101|18.00|3015.00|3014.99|542.70|0.00|0.00|0.00|0.00||
|C190|000|5101|18.00|1694.10|1694.10|304.94|0.00|0.00|0.00|0.00||
|C190|000|5101|18.00|986.80|986.80|177.63|0.00|0.00|0.00|0.00||
|C190|020|5125|18.00|740.60|145.42|26.18|0.00|0.00|595.18|0.00||
|C190|040|5925|0.00|291.09|0.00|0.00|0.00|0.00|0.00|0.00||
|C190|020|5125|18.00|3505.08|770.53|138.70|0.00|0.00|2734.55|0.00||
|C190|050|5925|0.00|2467.38|0.00|0.00|0.00|0.00|0.00|0.00||
|C190|000|6101|12.00|1286.25|1225.00|147.00|0.00|0.00|0.00|61.25||
|C190|000|6101|12.00|1286.25|1225.00|147.00|0.00|0.00|0.00|61.25||
|C190|020|5124|18.00|174.89|38.39|6.92|0.00|0.00|136.50|0.00||
|C190|040|5902|0.00|143.59|0.00|0.00|0.00|0.00|0.00|0.00||
|C190|000|6101|7.00|349.60|349.60|24.47|0.00|0.00|0.00|0.00||
|C190|000|6101|7.00|1187.20|1187.20|83.10|0.00|0.00|0.00|0.00||
|C190|000|6101|7.00|1848.00|1848.00|129.36|0.00|0.00|0.00|0.00||
|C190|000|6101|7.00|1216.00|1216.00|85.12|0.00|0.00|0.00|0.00||
|C190|000|6101|7.00|5633.00|5633.00|394.31|0.00|0.00|0.00|0.00||
|C190|000|6101|7.00|1540.00|1540.00|107.80|0.00|0.00|0.00|0.00||
|C190|000|6101|7.00|11772.32|11772.32|824.06|0.00|0.00|0.00|0.00||
|C190|000|6101|7.00|5650.60|5650.60|395.54|0.00|0.00|0.00|0.00||
|C190|020|5124|18.00|1142.00|263.47|47.42|0.00|0.00|878.53|0.00||
|C190|040|5902|0.00|584.64|0.00|0.00|0.00|0.00|0.00|0.00||
|C190|040|5903|0.00|10.80|0.00|0.00|0.00|0.00|0.00|0.00||
|C190|020|5124|10.00|0.00|0.00|26.35|0.00|0.00|0.00|0.00||
|C190|040|5903|0.00|136.11|0.00|0.00|0.00|0.00|0.00|0.00||
|C190|020|5124|18.00|882.00|230.47|41.49|0.00|0.00|651.53|0.00||
|C190|040|5902|0.00|529.20|0.00|0.00|0.00|0.00|0.00|0.00||
|C190|000|6101|7.00|540.00|540.00|37.80|0.00|0.00|0.00|0.00||
|C190|000|6101|12.00|524.60|524.60|62.95|0.00|0.00|0.00|0.00||
|C190|000|5101|18.00|615.00|615.00|110.70|0.00|0.00|0.00|0.00||
|C190|000|5101|18.00|2034.57|2034.57|366.21|0.00|0.00|0.00|0.00||
|C190|000|6201|4.00|450.00|450.00|18.00|0.00|0.00|0.00|0.00||
|C190|000|5101|18.00|777.50|777.50|139.95|0.00|0.00|0.00|0.00||
|C190|000|5101|18.00|920.00|920.00|165.60|0.00|0.00|0.00|0.00||
|C190|000|5101|18.00|2729.00|2729.00|491.22|0.00|0.00|0.00|0.00||
|C190|000|5101|18.00|1017.50|1017.50|183.15|0.00|0.00|0.00|0.00||
|C190|000|5101|18.00|1987.50|1987.50|357.75|0.00|0.00|0.00|0.00||
|C190|000|5101|18.00|88.00|88.00|15.84|0.00|0.00|0.00|0.00||
|C190|000|5101|18.00|2265.00|2265.00|407.70|0.00|0.00|0.00|0.00||
|C190|000|5101|18.00|4820.40|4820.40|867.68|0.00|0.00|0.00|0.00||
|C190|000|5101|18.00|7571.20|7571.20|1362.80|0.00|0.00|0.00|0.00||
|C190|000|6101|7.00|1220.00|1220.00|85.40|0.00|0.00|0.00|0.00||
|C190|000|6101|7.00|2500.00|2500.00|175.00|0.00|0.00|0.00|0.00||
|C190|000|6101|7.00|2806.00|2806.00|196.42|0.00|0.00|0.00|0.00||
|C190|000|6101|7.00|2126.46|2126.46|148.85|0.00|0.00|0.00|0.00||
|C190|000|6101|7.00|2928.00|2928.00|204.96|0.00|0.00|0.00|0.00||
|C190|000|6101|7.00|3013.40|3013.40|210.94|0.00|0.00|0.00|0.00||
|C190|000|6101|7.00|3843.00|3843.00|269.01|0.00|0.00|0.00|0.00||
|C190|000|6101|7.00|3269.60|3269.60|228.88|0.00|0.00|0.00|0.00||
|C190|000|6101|7.00|851.56|851.56|59.62|0.00|0.00|0.00|0.00||
|C190|000|6101|7.00|6613.30|6613.30|462.93|0.00|0.00|0.00|0.00||
|C190|000|5101|18.00|1056.00|1056.00|190.08|0.00|0.00|0.00|0.00||
|C190|000|5101|18.00|19960.00|19960.00|3592.80|0.00|0.00|0.00|0.00||
|C190|000|5101|18.00|4400.94|4400.94|792.17|0.00|0.00|0.00|0.00||
|C190|000|5101|18.00|760.00|760.00|136.80|0.00|0.00|0.00|0.00||
|C190|000|6101|12.00|5249.20|5249.20|629.90|0.00|0.00|0.00|0.00||
|C190|000|6101|12.00|1101.39|1101.39|132.18|0.00|0.00|0.00|0.00||
|C190|100|6202|4.00|3101.55|2697.00|107.88|0.00|0.00|0.00|404.55||
|C190|000|5201|0.00|6616.36|0.00|0.00|0.00|0.00|0.00|0.00||
|C190|000|6101|12.00|605.00|605.00|72.62|0.00|0.00|0.00|0.00||
|C190|000|5101|18.00|100.00|100.00|18.00|0.00|0.00|0.00|0.00||
|C190|040|6949|0.00|3500.00|0.00|0.00|0.00|0.00|0.00|0.00||
|C190|000|5101|18.00|1192.40|1192.40|214.63|0.00|0.00|0.00|0.00||
|C190|000|5101|18.00|1175.40|1175.40|211.57|0.00|0.00|0.00|0.00||
|C190|000|5101|18.00|616.50|616.51|110.97|0.00|0.00|0.00|0.00||
|C190|000|5101|18.00|1639.20|1639.20|295.06|0.00|0.00|0.00|0.00||
|C190|000|5101|18.00|775.80|775.80|139.64|0.00|0.00|0.00|0.00||
